
LOSSES REPORT

Power Delivery Element Loss Report

Element                  kW Losses    % of Power   kvar Losses

"Transformer.TRAFO_5"     0.00001,      0.0     0.000163763
"Transformer.TRAFO_6"     0.00154,     0.03     0.0307435
"Transformer.TRAFO_7"     0.00205,     0.02     0.0410872
"Transformer.TRAFO_8"     0.00083,      0.0     0.0166859
"Transformer.TRAFO_9"     0.00072,      0.0     0.0144993
"Transformer.TRAFO_10"    0.00785,     0.04     0.157127
"Transformer.TRAFO_11"    0.00787,     0.04     0.157514
"Transformer.TRAFO_12"    0.00006,      0.0     0.0012004
"Transformer.TRAFO_13"    0.00006,      0.0     0.00120293
"Transformer.TRAFO_15"    0.00186,     0.03     0.0372743
"Transformer.TRAFO_16"    0.00229,     0.03     0.0458811
"Transformer.TRAFO_17"    0.00229,     0.03     0.0458814
"Transformer.TRAFO_19"    0.00000,      0.0     4.01071E-005
"Transformer.TRAFO_20"    0.00486,     0.03     0.097291
"Transformer.TRAFO_21"    0.00003,      0.0     0.000524299
"Transformer.TRAFO_23"    0.00074,      0.0     0.0148015
"Transformer.TRAFO_25"    0.00018,      0.0     0.00367887
"Transformer.TRAFO_26"    0.00018,      0.0     0.00367893
"Transformer.TRAFO_27"    0.00046,      0.0     0.00931663
"Transformer.TRAFO_28"    0.00046,      0.0     0.00931709
"Transformer.TRAFO_32"    0.00013,      0.0     0.0026139
"Transformer.TRAFO_33"    0.00026,      0.0     0.00518377
"Transformer.TRAFO_34"    0.00002,      0.0     0.000462707
"Transformer.TRAFO_27E"   0.00046,      0.0     0.00931666
"Transformer.TRAFO_28E"   0.00046,      0.0     0.00931763
"Transformer.TRAFO_66"    0.00040,      0.0     0.00794131
"Transformer.TRAFO_67"    0.00040,      0.0     0.00794132
"Transformer.TRAFO_68"    0.00000,      0.0     4.61749E-005
"Transformer.TRAFO_70"    0.00002,      0.0     0.000518839
"Transformer.TRAFO_89"    0.00036,      0.0     0.00714122
"Transformer.TRAFO_90"    0.00036,      0.0     0.00714122
"Transformer.TRAFO_36"    0.00225,     0.02     0.0450254
"Transformer.TRAFO_37"    0.00659,     0.06     0.131979
"Transformer.TRAFO_38"    0.01785,     0.03     0.357188
"Transformer.TRAFO_40"    0.00149,     0.03     0.0298238
"Transformer.TRAFO_41"    0.00001,      0.0     0.000269314
"Transformer.TRAFO_42"    0.00004,      0.0     0.000912437
"Transformer.TRAFO_43"    0.00152,     0.03     0.0304447
"Transformer.TRAFO_44"    0.00126,     0.03     0.0252132
"Transformer.TRAFO_48"    0.00804,     1.93     0.160859
"Transformer.TRAFO_50"    0.14527,     0.06     2.90587
"Transformer.TRAFO_51"    0.00239,     0.04     0.0479032
"Transformer.TRAFO_53"    0.01608,     0.03     0.321712
"Transformer.TRAFO_54"    0.00817,     0.07     0.163464
"Transformer.TRAFO_55"    0.00030,      0.0     0.0060005
"Transformer.TRAFO_56"    0.00030,      0.0     0.00600051
"Transformer.TRAFO_57"    0.00073,      0.0     0.0145423
"Transformer.TRAFO_58"    0.00073,      0.0     0.0145423
"Line.L1"                 0.00507,     0.00     0.0121759
"Line.L2"                 0.00507,     0.00     0.0121759
"Line.L3"                 0.00000,      0.0     9.79117E-007
"Line.L4"                 0.01385,     0.00     0.0332406
"Line.L5"                 0.16615,     0.03     0.19462
"Line.L6"                 2.42282,     0.51     1.23392
"Line.L7"                 2.51891,     0.53     1.28292
"Line.L8"                 0.59556,     0.13     0.303593
"Line.L9"                 0.29746,     0.07     0.151444
"Line.L10"                0.23866,     0.24     0.0788827
"Line.L11"                0.05055,     0.05     0.0167157
"Line.L12"                0.10751,     0.15     0.0355305
"Line.L13"                0.06095,     0.13     0.0201178
"Line.L14"                0.05889,     0.13     0.0194608
"Line.L15"                0.05682,     0.13     0.0187768
"Line.L16"                0.01056,     0.02     0.00349111
"Line.L17"                0.01489,     0.04     0.00492346
"Line.L18"                0.00013,      0.0     4.2793E-005
"Line.L19"                0.00534,     0.02     0.00176494
"Line.L20"                0.00343,     0.01     0.00113426
"Line.L21"                0.00551,     0.02     0.00182061
"Line.L22"                0.00003,      0.0     9.05834E-006
"Line.L23"                0.00026,      0.0     8.68289E-005
"Line.L24"                0.00057,      0.0     0.00018901
"Line.L25"                0.00031,      0.0     0.000101592
"Line.L26"                0.00013,      0.0     4.19091E-005
"Line.L27"                0.00002,      0.0     5.86978E-006
"Line.L28"                0.00001,      0.0     3.43166E-005
"Line.L29"                0.00010,      0.0     0.00025313
"Line.L30"                0.00023,      0.0     7.61596E-005
"Line.L31"                0.00004,      0.0     1.34365E-005
"Line.L32"                0.00020,      0.0     6.71826E-005
"Line.L33"                0.00049,      0.0     0.000163091
"Line.L34"                0.00041,      0.0     0.000136352
"Line.L35"                0.00002,      0.0     5.9892E-006
"Line.L36"                0.00004,      0.0     8.98478E-005
"Line.L37"                0.00036,      0.0     0.000889104
"Line.L38"                0.00038,      0.0     0.000438467
"Line.L39"                0.00011,      0.0     0.000126549
"Line.L40"                0.00000,      0.0     4.3565E-006
"Line.L41"                0.00075,      0.0     0.00087541
"Line.L42"                0.00031,      0.0     0.000356906
"Line.L43"                0.00004,      0.0     4.70883E-005
"Line.L44"                0.00001,      0.0     9.27087E-006
"Line.L45"                0.00009,      0.0     0.000109732
"Line.L46"                0.00000,      0.0     2.39764E-007
"Line.L47"                0.00076,      0.0     0.00188678
"Line.L48"                0.01911,     0.03     0.0467876
"Line.L49"                0.05093,     0.08     0.12463
"Line.L50"                0.00618,     0.01     0.0151178
"Line.L51"                0.00009,      0.0     4.70719E-005
"Line.L52"                0.00000,      0.0     7.65906E-007
"Line.L53"                0.62486,     0.18     0.318174
"Line.L54"                0.72516,     0.21     0.369369
"Line.L55"                0.98408,     0.29     0.501043
"Line.L56"                0.94640,     0.28     0.482118
"Line.L57"                5.34939,     1.61     1.79558
"Line.L58"                2.63668,     0.81     0.884836
"Line.L59"                1.02345,     0.32     0.338458
"Line.L60"                1.24077,     0.38     0.376633
"Line.L61"                1.63090,     0.51     0.830714
"Line.L62"                0.01295,     0.02     0.00659406
"Line.L63"                0.01560,     0.03     0.00793732
"Line.L64"                0.07642,     0.13     0.038923
"Line.L65"                0.00478,     0.04     0.00243304
"Line.L66"                0.00014,      0.0     4.10087E-005
"Line.L67"                0.00000,      0.0     2.34911E-007
"Line.L68"                0.00121,     0.02     0.00039849
"Line.L69"                0.00000,      0.0     6.52193E-007

LINE LOSSES=                        22.0 kW
TRANSFORMER LOSSES=                  0.3 kW

TOTAL LOSSES=                       22.2 kW

TOTAL LOAD POWER =                 554.4 kW
Percent Losses for Circuit =      4.01 %
