
LOSSES REPORT

Power Delivery Element Loss Report

Element                  kW Losses    % of Power   kvar Losses

"Transformer.TRAFO_5"     0.00001,      0.0     0.000241822
"Transformer.TRAFO_6"     0.00240,     0.04     0.0480138
"Transformer.TRAFO_7"     0.00320,     0.03     0.0641127
"Transformer.TRAFO_8"     0.00130,     0.03     0.0260342
"Transformer.TRAFO_9"     0.00113,     0.02     0.0226412
"Transformer.TRAFO_10"    0.01229,     0.05     0.245788
"Transformer.TRAFO_11"    0.01232,     0.05     0.246547
"Transformer.TRAFO_12"    0.00009,      0.0     0.0018632
"Transformer.TRAFO_13"    0.00009,      0.0     0.0018682
"Transformer.TRAFO_15"    0.00292,     0.04     0.0584092
"Transformer.TRAFO_16"    0.00360,     0.04     0.0719282
"Transformer.TRAFO_17"    0.00360,     0.04     0.0719288
"Transformer.TRAFO_19"    0.00000,      0.0     4.91409E-005
"Transformer.TRAFO_20"    0.00762,     0.04     0.152536
"Transformer.TRAFO_21"    0.00004,      0.0     0.000807344
"Transformer.TRAFO_23"    0.00116,     0.02     0.0231841
"Transformer.TRAFO_25"    0.00029,      0.0     0.00574946
"Transformer.TRAFO_26"    0.00029,      0.0     0.00574957
"Transformer.TRAFO_27"    0.00015,      0.0     0.00305489
"Transformer.TRAFO_28"    0.00015,      0.0     0.00305497
"Transformer.TRAFO_32"    0.00004,      0.0     0.000869589
"Transformer.TRAFO_33"    0.00008,      0.0     0.00170734
"Transformer.TRAFO_34"    0.00001,      0.0     0.000167829
"Transformer.TRAFO_27E"   0.00015,      0.0     0.00305489
"Transformer.TRAFO_28E"   0.00015,      0.0     0.00305507
"Transformer.TRAFO_66"    0.00013,      0.0     0.00260644
"Transformer.TRAFO_67"    0.00013,      0.0     0.00260644
"Transformer.TRAFO_68"    0.00000,      0.0     3.19018E-005
"Transformer.TRAFO_70"    0.00001,      0.0     0.000186144
"Transformer.TRAFO_89"    0.00012,      0.0     0.00234372
"Transformer.TRAFO_90"    0.00012,      0.0     0.00234372
"Transformer.TRAFO_36"    0.00352,     0.03     0.0704077
"Transformer.TRAFO_37"    0.01032,     0.07     0.206638
"Transformer.TRAFO_38"    0.02797,     0.04     0.559543
"Transformer.TRAFO_40"    0.00233,     0.03     0.0465646
"Transformer.TRAFO_41"    0.00002,      0.0     0.000406442
"Transformer.TRAFO_42"    0.00003,      0.0     0.000602057
"Transformer.TRAFO_43"    0.00099,     0.02     0.0197776
"Transformer.TRAFO_44"    0.00082,      0.0     0.016365
"Transformer.TRAFO_48"    0.00515,     1.54     0.102952
"Transformer.TRAFO_50"    0.09286,     0.05     1.85779
"Transformer.TRAFO_51"    0.00153,     0.03     0.0306555
"Transformer.TRAFO_53"    0.01028,     0.03     0.205779
"Transformer.TRAFO_54"    0.00522,     0.05     0.104369
"Transformer.TRAFO_55"    0.00047,      0.0     0.00936081
"Transformer.TRAFO_56"    0.00047,      0.0     0.00936081
"Transformer.TRAFO_57"    0.00114,     0.02     0.0227286
"Transformer.TRAFO_58"    0.00114,     0.02     0.0227286
"Line.L1"                 0.00459,     0.00     0.0110219
"Line.L2"                 0.00459,     0.00     0.0110219
"Line.L3"                 0.00000,      0.0     8.99119E-007
"Line.L4"                 0.01303,     0.00     0.0312622
"Line.L5"                 0.14021,     0.03     0.164231
"Line.L6"                 2.04451,     0.47     1.04125
"Line.L7"                 2.12442,     0.49     1.082
"Line.L8"                 0.49811,     0.12     0.253915
"Line.L9"                 0.24250,     0.06     0.123464
"Line.L10"                0.37370,     0.30     0.123517
"Line.L11"                0.07916,     0.07     0.0261761
"Line.L12"                0.16843,     0.19     0.0556622
"Line.L13"                0.09554,     0.17     0.0315359
"Line.L14"                0.09232,     0.17     0.030508
"Line.L15"                0.08909,     0.17     0.0294372
"Line.L16"                0.01655,     0.03     0.00547317
"Line.L17"                0.02334,     0.05     0.00771901
"Line.L18"                0.00020,      0.0     6.70891E-005
"Line.L19"                0.00837,     0.03     0.00276688
"Line.L20"                0.00538,     0.02     0.00177816
"Line.L21"                0.00864,     0.03     0.00285418
"Line.L22"                0.00004,      0.0     1.41927E-005
"Line.L23"                0.00041,      0.0     0.000136052
"Line.L24"                0.00090,      0.0     0.00029616
"Line.L25"                0.00048,      0.0     0.000159148
"Line.L26"                0.00020,      0.0     6.56526E-005
"Line.L27"                0.00003,      0.0     9.19531E-006
"Line.L28"                0.00000,      0.0     1.11918E-005
"Line.L29"                0.00003,      0.0     8.25585E-005
"Line.L30"                0.00008,      0.0     2.48429E-005
"Line.L31"                0.00001,      0.0     4.38293E-006
"Line.L32"                0.00007,      0.0     2.19147E-005
"Line.L33"                0.00016,      0.0     5.31997E-005
"Line.L34"                0.00013,      0.0     4.4474E-005
"Line.L35"                0.00001,      0.0     1.95455E-006
"Line.L36"                0.00001,      0.0     2.92892E-005
"Line.L37"                0.00012,      0.0     0.000289822
"Line.L38"                0.00012,      0.0     0.00014292
"Line.L39"                0.00004,      0.0     4.12493E-005
"Line.L40"                0.00000,      0.0     1.41991E-006
"Line.L41"                0.00024,      0.0     0.000285305
"Line.L42"                0.00010,      0.0     0.000116314
"Line.L43"                0.00001,      0.0     1.53459E-005
"Line.L44"                0.00000,      0.0     3.02084E-006
"Line.L45"                0.00003,      0.0     3.57552E-005
"Line.L46"                0.00000,      0.0     7.81251E-008
"Line.L47"                0.00120,     0.00     0.00295627
"Line.L48"                0.02995,     0.03     0.0733084
"Line.L49"                0.07982,     0.10     0.195315
"Line.L50"                0.00968,     0.02     0.0236869
"Line.L51"                0.00014,      0.0     7.35087E-005
"Line.L52"                0.00000,      0.0     1.19468E-006
"Line.L53"                0.39963,     0.14     0.203488
"Line.L54"                0.46376,     0.17     0.23622
"Line.L55"                0.62919,     0.23     0.320351
"Line.L56"                0.60497,     0.23     0.308186
"Line.L57"                3.41951,     1.29     1.14779
"Line.L58"                1.68545,     0.64     0.565617
"Line.L59"                0.65422,     0.25     0.216354
"Line.L60"                0.79317,     0.31     0.240765
"Line.L61"                1.04256,     0.40     0.53104
"Line.L62"                0.00828,     0.02     0.00421548
"Line.L63"                0.00997,     0.02     0.00507378
"Line.L64"                0.04885,     0.10     0.0248808
"Line.L65"                0.00305,     0.03     0.00155332
"Line.L66"                0.00021,      0.0     6.40668E-005
"Line.L67"                0.00000,      0.0     3.66995E-007
"Line.L68"                0.00189,     0.02     0.000623186
"Line.L69"                0.00000,      0.0     1.01994E-006

LINE LOSSES=                        15.9 kW
TRANSFORMER LOSSES=                  0.2 kW

TOTAL LOSSES=                       16.1 kW

TOTAL LOAD POWER =                 529.6 kW
Percent Losses for Circuit =      3.05 %
