
LOSSES REPORT

Power Delivery Element Loss Report

Element                  kW Losses    % of Power   kvar Losses

"Transformer.TRAFO_5"     0.00004,      0.0     0.000825485
"Transformer.TRAFO_6"     0.00895,     0.07     0.179008
"Transformer.TRAFO_7"     0.01195,     0.05     0.238971
"Transformer.TRAFO_8"     0.00486,     0.05     0.0971393
"Transformer.TRAFO_9"     0.00424,     0.05     0.0848078
"Transformer.TRAFO_10"    0.04632,     0.10     0.926531
"Transformer.TRAFO_11"    0.04660,     0.10     0.931981
"Transformer.TRAFO_12"    0.00035,      0.0     0.00694021
"Transformer.TRAFO_13"    0.00035,      0.0     0.00697619
"Transformer.TRAFO_15"    0.01110,     0.07     0.221991
"Transformer.TRAFO_16"    0.01369,     0.08     0.273886
"Transformer.TRAFO_17"    0.01369,     0.08     0.273891
"Transformer.TRAFO_19"    0.00000,      0.0     0.000120457
"Transformer.TRAFO_20"    0.02905,     0.08     0.581085
"Transformer.TRAFO_21"    0.00015,      0.0     0.00299079
"Transformer.TRAFO_23"    0.00440,     0.05     0.0880432
"Transformer.TRAFO_25"    0.00109,     0.02     0.0217397
"Transformer.TRAFO_26"    0.00109,     0.02     0.0217405
"Transformer.TRAFO_27"    0.00055,      0.0     0.011095
"Transformer.TRAFO_28"    0.00055,      0.0     0.0110956
"Transformer.TRAFO_32"    0.00015,      0.0     0.00311101
"Transformer.TRAFO_33"    0.00031,      0.0     0.00617216
"Transformer.TRAFO_34"    0.00003,      0.0     0.000548748
"Transformer.TRAFO_27E"   0.00055,      0.0     0.011095
"Transformer.TRAFO_28E"   0.00055,      0.0     0.0110962
"Transformer.TRAFO_66"    0.00047,      0.0     0.00945681
"Transformer.TRAFO_67"    0.00047,      0.0     0.00945682
"Transformer.TRAFO_68"    0.00000,      0.0     5.26382E-005
"Transformer.TRAFO_70"    0.00003,      0.0     0.000615605
"Transformer.TRAFO_89"    0.00042,      0.0     0.00850444
"Transformer.TRAFO_90"    0.00042,      0.0     0.00850444
"Transformer.TRAFO_36"    0.01290,     0.05     0.258075
"Transformer.TRAFO_37"    0.03806,     0.13     0.761427
"Transformer.TRAFO_38"    0.10322,     0.08     2.06458
"Transformer.TRAFO_40"    0.00869,     0.06     0.173885
"Transformer.TRAFO_41"    0.00007,      0.0     0.00144542
"Transformer.TRAFO_42"    0.00011,      0.0     0.00217973
"Transformer.TRAFO_43"    0.00370,     0.04     0.0741162
"Transformer.TRAFO_44"    0.00308,     0.04     0.0615291
"Transformer.TRAFO_48"    0.02036,     2.99     0.407253
"Transformer.TRAFO_50"    0.36892,     0.09     7.37902
"Transformer.TRAFO_51"    0.00607,     0.06     0.121354
"Transformer.TRAFO_53"    0.04080,     0.05     0.816106
"Transformer.TRAFO_54"    0.02083,     0.11     0.416565
"Transformer.TRAFO_55"    0.00175,     0.03     0.0350056
"Transformer.TRAFO_56"    0.00175,     0.03     0.0350056
"Transformer.TRAFO_57"    0.00427,     0.05     0.0854756
"Transformer.TRAFO_58"    0.00427,     0.05     0.0854757
"Line.L1"                 0.01767,     0.00     0.0424145
"Line.L2"                 0.01767,     0.00     0.0424145
"Line.L3"                 0.00000,      0.0     3.46189E-006
"Line.L4"                 0.05020,     0.00     0.12048
"Line.L5"                 0.54636,     0.06     0.639964
"Line.L6"                 7.96690,     0.88     4.05746
"Line.L7"                 8.27878,     0.92     4.21651
"Line.L8"                 1.94244,     0.22     0.99018
"Line.L9"                 0.94765,     0.11     0.482473
"Line.L10"                1.41442,     0.56     0.467501
"Line.L11"                0.29974,     0.12     0.0991115
"Line.L12"                0.63892,     0.35     0.211147
"Line.L13"                0.36340,     0.32     0.119957
"Line.L14"                0.35127,     0.32     0.116079
"Line.L15"                0.33904,     0.32     0.112032
"Line.L16"                0.06300,     0.06     0.0208297
"Line.L17"                0.08886,     0.10     0.0293818
"Line.L18"                0.00075,      0.0     0.000255337
"Line.L19"                0.03185,     0.05     0.0105284
"Line.L20"                0.02047,     0.03     0.00676619
"Line.L21"                0.03286,     0.06     0.010861
"Line.L22"                0.00016,      0.0     5.38692E-005
"Line.L23"                0.00156,     0.01     0.000516523
"Line.L24"                0.00340,     0.02     0.00112437
"Line.L25"                0.00183,     0.02     0.000603583
"Line.L26"                0.00075,      0.0     0.000248993
"Line.L27"                0.00011,      0.0     3.48744E-005
"Line.L28"                0.00002,      0.0     4.08752E-005
"Line.L29"                0.00012,      0.0     0.000301506
"Line.L30"                0.00027,      0.0     9.07135E-005
"Line.L31"                0.00005,      0.0     1.60042E-005
"Line.L32"                0.00024,      0.0     8.0021E-005
"Line.L33"                0.00058,      0.0     0.000194258
"Line.L34"                0.00049,      0.0     0.00016241
"Line.L35"                0.00002,      0.0     7.13341E-006
"Line.L36"                0.00004,      0.0     0.000107024
"Line.L37"                0.00043,      0.0     0.00105908
"Line.L38"                0.00045,      0.0     0.000522295
"Line.L39"                0.00013,      0.0     0.000150744
"Line.L40"                0.00000,      0.0     5.18943E-006
"Line.L41"                0.00089,      0.0     0.00104279
"Line.L42"                0.00036,      0.0     0.000425148
"Line.L43"                0.00005,      0.0     5.60919E-005
"Line.L44"                0.00001,      0.0     1.10437E-005
"Line.L45"                0.00010,      0.0     0.000130715
"Line.L46"                0.00000,      0.0     2.85613E-007
"Line.L47"                0.00442,     0.00     0.0109106
"Line.L48"                0.11053,     0.06     0.270557
"Line.L49"                0.29485,     0.19     0.721467
"Line.L50"                0.03573,     0.03     0.0874196
"Line.L51"                0.00054,      0.0     0.000274482
"Line.L52"                0.00001,      0.0     4.43846E-006
"Line.L53"                1.58494,     0.28     0.807045
"Line.L54"                1.83959,     0.32     0.937012
"Line.L55"                2.49798,     0.45     1.27184
"Line.L56"                2.40368,     0.44     1.22448
"Line.L57"               13.58638,     2.48     4.56041
"Line.L58"                6.69663,     1.26     2.24731
"Line.L59"                2.59936,     0.49     0.859617
"Line.L60"                3.15099,     0.60     0.956479
"Line.L61"                4.14175,     0.80     2.10964
"Line.L62"                0.03288,     0.03     0.0167439
"Line.L63"                0.03961,     0.04     0.0201594
"Line.L64"                0.19408,     0.21     0.0988573
"Line.L65"                0.01217,     0.06     0.00620075
"Line.L66"                0.00079,      0.0     0.000240029
"Line.L67"                0.00000,      0.0     1.37496E-006
"Line.L68"                0.00710,     0.04     0.00234541
"Line.L69"                0.00001,      0.0     3.83864E-006
"Capacitor.BC1"           0.00000,      0.0     -153747

LINE LOSSES=                        62.7 kW
TRANSFORMER LOSSES=                  0.8 kW

TOTAL LOSSES=                       63.5 kW

TOTAL LOAD POWER =                1059.2 kW
Percent Losses for Circuit =      6.00 %
