
LOSSES REPORT

Power Delivery Element Loss Report

Element                  kW Losses    % of Power   kvar Losses

"Transformer.TRAFO_5"     0.00001,      0.0     0.000125055
"Transformer.TRAFO_6"     0.00111,     0.02     0.0221302
"Transformer.TRAFO_7"     0.00148,     0.02     0.0295809
"Transformer.TRAFO_8"     0.00060,      0.0     0.0120106
"Transformer.TRAFO_9"     0.00052,      0.0     0.0104318
"Transformer.TRAFO_10"    0.00564,     0.03     0.1129
"Transformer.TRAFO_11"    0.00565,     0.03     0.113135
"Transformer.TRAFO_12"    0.00004,      0.0     0.000869649
"Transformer.TRAFO_13"    0.00004,      0.0     0.000871176
"Transformer.TRAFO_15"    0.00134,     0.03     0.0267549
"Transformer.TRAFO_16"    0.00164,     0.03     0.0329229
"Transformer.TRAFO_17"    0.00164,     0.03     0.0329231
"Transformer.TRAFO_19"    0.00000,      0.0     3.57267E-005
"Transformer.TRAFO_20"    0.00349,     0.03     0.069811
"Transformer.TRAFO_21"    0.00002,      0.0     0.000383381
"Transformer.TRAFO_23"    0.00053,      0.0     0.0106289
"Transformer.TRAFO_25"    0.00013,      0.0     0.00264774
"Transformer.TRAFO_26"    0.00013,      0.0     0.00264778
"Transformer.TRAFO_27"    0.00034,      0.0     0.00673459
"Transformer.TRAFO_28"    0.00034,      0.0     0.00673487
"Transformer.TRAFO_32"    0.00009,      0.0     0.00189477
"Transformer.TRAFO_33"    0.00019,      0.0     0.00375031
"Transformer.TRAFO_34"    0.00002,      0.0     0.000341155
"Transformer.TRAFO_27E"   0.00034,      0.0     0.00673461
"Transformer.TRAFO_28E"   0.00034,      0.0     0.0067352
"Transformer.TRAFO_66"    0.00029,      0.0     0.00574148
"Transformer.TRAFO_67"    0.00029,      0.0     0.00574149
"Transformer.TRAFO_68"    0.00000,      0.0     4.02931E-005
"Transformer.TRAFO_70"    0.00002,      0.0     0.000381697
"Transformer.TRAFO_89"    0.00026,      0.0     0.00516232
"Transformer.TRAFO_90"    0.00026,      0.0     0.00516232
"Transformer.TRAFO_36"    0.00162,     0.02     0.0325199
"Transformer.TRAFO_37"    0.00475,     0.05     0.0952519
"Transformer.TRAFO_38"    0.01287,     0.03     0.257668
"Transformer.TRAFO_40"    0.00107,     0.02     0.0214614
"Transformer.TRAFO_41"    0.00001,      0.0     0.000200821
"Transformer.TRAFO_42"    0.00003,      0.0     0.000663322
"Transformer.TRAFO_43"    0.00109,     0.02     0.0218793
"Transformer.TRAFO_44"    0.00090,     0.02     0.0181074
"Transformer.TRAFO_48"    0.00571,     1.62     0.114265
"Transformer.TRAFO_50"    0.10309,     0.05     2.06242
"Transformer.TRAFO_51"    0.00170,     0.03     0.0340246
"Transformer.TRAFO_53"    0.01141,     0.03     0.228418
"Transformer.TRAFO_54"    0.00579,     0.06     0.115898
"Transformer.TRAFO_55"    0.00021,      0.0     0.00432159
"Transformer.TRAFO_56"    0.00021,      0.0     0.00432159
"Transformer.TRAFO_57"    0.00052,      0.0     0.0104569
"Transformer.TRAFO_58"    0.00052,      0.0     0.0104569
"Line.L1"                 0.00362,     0.00     0.00869329
"Line.L2"                 0.00362,     0.00     0.00869329
"Line.L3"                 0.00000,      0.0     6.98922E-007
"Line.L4"                 0.00988,     0.00     0.0237198
"Line.L5"                 0.11833,     0.03     0.138597
"Line.L6"                 1.72540,     0.43     0.878727
"Line.L7"                 1.79381,     0.45     0.913614
"Line.L8"                 0.42407,     0.11     0.216174
"Line.L9"                 0.21173,     0.06     0.107797
"Line.L10"                0.17137,     0.20     0.0566407
"Line.L11"                0.03630,     0.04     0.0120019
"Line.L12"                0.07717,     0.13     0.0255044
"Line.L13"                0.04373,     0.11     0.0144354
"Line.L14"                0.04225,     0.11     0.0139635
"Line.L15"                0.04077,     0.11     0.0134722
"Line.L16"                0.00758,     0.02     0.00250485
"Line.L17"                0.01068,     0.03     0.00353247
"Line.L18"                0.00009,      0.0     3.07035E-005
"Line.L19"                0.00383,     0.02     0.00126636
"Line.L20"                0.00246,     0.01     0.00081384
"Line.L21"                0.00395,     0.02     0.0013063
"Line.L22"                0.00002,      0.0     6.50168E-006
"Line.L23"                0.00019,      0.0     6.23198E-005
"Line.L24"                0.00041,      0.0     0.000135658
"Line.L25"                0.00022,      0.0     7.29259E-005
"Line.L26"                0.00009,      0.0     3.00838E-005
"Line.L27"                0.00001,      0.0     4.21352E-006
"Line.L28"                0.00001,      0.0     2.47816E-005
"Line.L29"                0.00007,      0.0     0.0001828
"Line.L30"                0.00017,      0.0     5.5002E-005
"Line.L31"                0.00003,      0.0     9.70377E-006
"Line.L32"                0.00015,      0.0     4.85188E-005
"Line.L33"                0.00035,      0.0     0.000117784
"Line.L34"                0.00030,      0.0     9.84699E-005
"Line.L35"                0.00001,      0.0     4.32606E-006
"Line.L36"                0.00003,      0.0     6.4873E-005
"Line.L37"                0.00026,      0.0     0.000641951
"Line.L38"                0.00027,      0.0     0.000316576
"Line.L39"                0.00008,      0.0     9.13694E-005
"Line.L40"                0.00000,      0.0     3.14533E-006
"Line.L41"                0.00054,      0.0     0.000632022
"Line.L42"                0.00022,      0.0     0.000257672
"Line.L43"                0.00003,      0.0     3.39959E-005
"Line.L44"                0.00001,      0.0     6.69282E-006
"Line.L45"                0.00006,      0.0     7.92176E-005
"Line.L46"                0.00000,      0.0     1.7309E-007
"Line.L47"                0.00055,      0.0     0.0013608
"Line.L48"                0.01379,     0.02     0.0337446
"Line.L49"                0.03673,     0.07     0.0898756
"Line.L50"                0.00446,     0.01     0.0109035
"Line.L51"                0.00007,      0.0     3.38646E-005
"Line.L52"                0.00000,      0.0     5.51405E-007
"Line.L53"                0.44361,     0.15     0.225886
"Line.L54"                0.51481,     0.18     0.262222
"Line.L55"                0.69849,     0.24     0.355633
"Line.L56"                0.67163,     0.24     0.342144
"Line.L57"                3.79629,     1.35     1.27427
"Line.L58"                1.87117,     0.68     0.627941
"Line.L59"                0.72631,     0.26     0.240193
"Line.L60"                0.88056,     0.32     0.267292
"Line.L61"                1.15743,     0.42     0.589549
"Line.L62"                0.00919,     0.02     0.0046799
"Line.L63"                0.01107,     0.02     0.00563286
"Line.L64"                0.05423,     0.11     0.0276224
"Line.L65"                0.00339,     0.03     0.00172495
"Line.L66"                0.00010,      0.0     2.94873E-005
"Line.L67"                0.00000,      0.0     1.68912E-007
"Line.L68"                0.00087,      0.0     0.000286353
"Line.L69"                0.00000,      0.0     4.68662E-007

LINE LOSSES=                        15.6 kW
TRANSFORMER LOSSES=                  0.2 kW

TOTAL LOSSES=                       15.8 kW

TOTAL LOAD POWER =                 471.3 kW
Percent Losses for Circuit =      3.35 %
