
LOSSES REPORT

Power Delivery Element Loss Report

Element                  kW Losses    % of Power   kvar Losses

"Transformer.TRAFO_5"     0.00001,      0.0     0.000137248
"Transformer.TRAFO_6"     0.00124,     0.03     0.0248404
"Transformer.TRAFO_7"     0.00166,     0.02     0.0332011
"Transformer.TRAFO_8"     0.00067,      0.0     0.0134815
"Transformer.TRAFO_9"     0.00058,      0.0     0.0117111
"Transformer.TRAFO_10"    0.00634,     0.04     0.126804
"Transformer.TRAFO_11"    0.00635,     0.04     0.127084
"Transformer.TRAFO_12"    0.00005,      0.0     0.000973646
"Transformer.TRAFO_13"    0.00005,      0.0     0.000975472
"Transformer.TRAFO_15"    0.00150,     0.03     0.0300599
"Transformer.TRAFO_16"    0.00185,     0.03     0.0369936
"Transformer.TRAFO_17"    0.00185,     0.03     0.0369939
"Transformer.TRAFO_19"    0.00000,      0.0     3.71009E-005
"Transformer.TRAFO_20"    0.00392,     0.03     0.0784433
"Transformer.TRAFO_21"    0.00002,      0.0     0.000427666
"Transformer.TRAFO_23"    0.00060,      0.0     0.0119399
"Transformer.TRAFO_25"    0.00015,      0.0     0.00297176
"Transformer.TRAFO_26"    0.00015,      0.0     0.0029718
"Transformer.TRAFO_27"    0.00038,      0.0     0.00754852
"Transformer.TRAFO_28"    0.00038,      0.0     0.00754886
"Transformer.TRAFO_32"    0.00010,      0.0     0.00212148
"Transformer.TRAFO_33"    0.00021,      0.0     0.00420218
"Transformer.TRAFO_34"    0.00002,      0.0     0.000379477
"Transformer.TRAFO_27E"   0.00038,      0.0     0.00754854
"Transformer.TRAFO_28E"   0.00038,      0.0     0.00754925
"Transformer.TRAFO_66"    0.00032,      0.0     0.00643493
"Transformer.TRAFO_67"    0.00032,      0.0     0.00643494
"Transformer.TRAFO_68"    0.00000,      0.0     4.21475E-005
"Transformer.TRAFO_70"    0.00002,      0.0     0.000424933
"Transformer.TRAFO_89"    0.00029,      0.0     0.00578603
"Transformer.TRAFO_90"    0.00029,      0.0     0.00578603
"Transformer.TRAFO_36"    0.00182,     0.02     0.0364613
"Transformer.TRAFO_37"    0.00533,     0.05     0.106823
"Transformer.TRAFO_38"    0.01444,     0.03     0.28902
"Transformer.TRAFO_40"    0.00120,     0.02     0.0240922
"Transformer.TRAFO_41"    0.00001,      0.0     0.000222376
"Transformer.TRAFO_42"    0.00004,      0.0     0.00074169
"Transformer.TRAFO_43"    0.00123,     0.03     0.024572
"Transformer.TRAFO_44"    0.00102,     0.02     0.0203403
"Transformer.TRAFO_48"    0.00644,     1.72     0.128824
"Transformer.TRAFO_50"    0.11626,     0.05     2.32584
"Transformer.TRAFO_51"    0.00192,     0.03     0.0383606
"Transformer.TRAFO_53"    0.01287,     0.03     0.257559
"Transformer.TRAFO_54"    0.00654,     0.06     0.130746
"Transformer.TRAFO_55"    0.00024,      0.0     0.00484963
"Transformer.TRAFO_56"    0.00024,      0.0     0.00484963
"Transformer.TRAFO_57"    0.00059,      0.0     0.0117414
"Transformer.TRAFO_58"    0.00059,      0.0     0.0117414
"Line.L1"                 0.00408,     0.00     0.00978444
"Line.L2"                 0.00408,     0.00     0.00978444
"Line.L3"                 0.00000,      0.0     7.86701E-007
"Line.L4"                 0.01113,     0.00     0.0267019
"Line.L5"                 0.13329,     0.03     0.156126
"Line.L6"                 1.94361,     0.45     0.989861
"Line.L7"                 2.02068,     0.47     1.02916
"Line.L8"                 0.47772,     0.11     0.243524
"Line.L9"                 0.23855,     0.06     0.12145
"Line.L10"                0.19252,     0.21     0.063631
"Line.L11"                0.04078,     0.05     0.0134833
"Line.L12"                0.08671,     0.13     0.0286549
"Line.L13"                0.04914,     0.12     0.0162207
"Line.L14"                0.04748,     0.12     0.0156905
"Line.L15"                0.04581,     0.12     0.0151387
"Line.L16"                0.00851,     0.02     0.00281469
"Line.L17"                0.01200,     0.04     0.00396946
"Line.L18"                0.00010,      0.0     3.45016E-005
"Line.L19"                0.00430,     0.02     0.001423
"Line.L20"                0.00277,     0.01     0.000914504
"Line.L21"                0.00444,     0.02     0.00146788
"Line.L22"                0.00002,      0.0     7.30504E-006
"Line.L23"                0.00021,      0.0     7.00209E-005
"Line.L24"                0.00046,      0.0     0.000152422
"Line.L25"                0.00025,      0.0     8.19337E-005
"Line.L26"                0.00010,      0.0     3.37997E-005
"Line.L27"                0.00001,      0.0     4.73398E-006
"Line.L28"                0.00001,      0.0     2.77874E-005
"Line.L29"                0.00008,      0.0     0.000204971
"Line.L30"                0.00019,      0.0     6.16718E-005
"Line.L31"                0.00003,      0.0     1.08805E-005
"Line.L32"                0.00016,      0.0     5.44025E-005
"Line.L33"                0.00039,      0.0     0.000132067
"Line.L34"                0.00033,      0.0     0.000110412
"Line.L35"                0.00001,      0.0     4.8504E-006
"Line.L36"                0.00003,      0.0     7.27453E-005
"Line.L37"                0.00029,      0.0     0.000719855
"Line.L38"                0.00030,      0.0     0.000354996
"Line.L39"                0.00009,      0.0     0.000102458
"Line.L40"                0.00000,      0.0     3.52709E-006
"Line.L41"                0.00061,      0.0     0.000708736
"Line.L42"                0.00025,      0.0     0.00028895
"Line.L43"                0.00003,      0.0     3.81226E-005
"Line.L44"                0.00001,      0.0     7.50538E-006
"Line.L45"                0.00007,      0.0     8.88352E-005
"Line.L46"                0.00000,      0.0     1.94105E-007
"Line.L47"                0.00062,      0.0     0.0015265
"Line.L48"                0.01546,     0.02     0.0378535
"Line.L49"                0.04121,     0.07     0.100823
"Line.L50"                0.00500,     0.01     0.0122311
"Line.L51"                0.00007,      0.0     3.80197E-005
"Line.L52"                0.00000,      0.0     6.18913E-007
"Line.L53"                0.50023,     0.16     0.254714
"Line.L54"                0.58052,     0.19     0.295692
"Line.L55"                0.78769,     0.26     0.401051
"Line.L56"                0.75745,     0.25     0.38586
"Line.L57"                4.28134,     1.44     1.43708
"Line.L58"                2.11024,     0.72     0.708172
"Line.L59"                0.81911,     0.28     0.270883
"Line.L60"                0.99306,     0.34     0.301441
"Line.L61"                1.30530,     0.45     0.664869
"Line.L62"                0.01036,     0.02     0.00527774
"Line.L63"                0.01248,     0.02     0.00635257
"Line.L64"                0.06116,     0.12     0.0311517
"Line.L65"                0.00382,     0.04     0.00194598
"Line.L66"                0.00011,      0.0     3.31109E-005
"Line.L67"                0.00000,      0.0     1.8967E-007
"Line.L68"                0.00097,     0.01     0.00032161
"Line.L69"                0.00000,      0.0     5.26367E-007

LINE LOSSES=                        17.6 kW
TRANSFORMER LOSSES=                  0.2 kW

TOTAL LOSSES=                       17.8 kW

TOTAL LOAD POWER =                 499.0 kW
Percent Losses for Circuit =      3.57 %
