
LOSSES REPORT

Power Delivery Element Loss Report

Element                  kW Losses    % of Power   kvar Losses

"Transformer.TRAFO_5"     0.00004,      0.0     0.000902337
"Transformer.TRAFO_6"     0.00987,     0.07     0.19738
"Transformer.TRAFO_7"     0.01317,     0.05     0.263497
"Transformer.TRAFO_8"     0.00536,     0.05     0.107134
"Transformer.TRAFO_9"     0.00468,     0.05     0.0936169
"Transformer.TRAFO_10"    0.05120,     0.11     1.02415
"Transformer.TRAFO_11"    0.05154,     0.11     1.03082
"Transformer.TRAFO_12"    0.00038,      0.0     0.00766156
"Transformer.TRAFO_13"    0.00038,      0.0     0.00770557
"Transformer.TRAFO_15"    0.01229,     0.08     0.245838
"Transformer.TRAFO_16"    0.01517,     0.09     0.303436
"Transformer.TRAFO_17"    0.01517,     0.09     0.303441
"Transformer.TRAFO_19"    0.00001,      0.0     0.000128108
"Transformer.TRAFO_20"    0.03219,     0.08     0.643848
"Transformer.TRAFO_21"    0.00016,      0.0     0.00330379
"Transformer.TRAFO_23"    0.00487,     0.05     0.0974898
"Transformer.TRAFO_25"    0.00120,     0.03     0.0240571
"Transformer.TRAFO_26"    0.00120,     0.03     0.0240581
"Transformer.TRAFO_27"    0.00061,      0.0     0.0121718
"Transformer.TRAFO_28"    0.00061,      0.0     0.0121725
"Transformer.TRAFO_32"    0.00017,      0.0     0.00340889
"Transformer.TRAFO_33"    0.00034,      0.0     0.00676877
"Transformer.TRAFO_34"    0.00003,      0.0     0.000597055
"Transformer.TRAFO_27E"   0.00061,      0.0     0.0121718
"Transformer.TRAFO_28E"   0.00061,      0.0     0.0121733
"Transformer.TRAFO_66"    0.00052,      0.0     0.0103738
"Transformer.TRAFO_67"    0.00052,      0.0     0.0103738
"Transformer.TRAFO_68"    0.00000,      0.0     5.26664E-005
"Transformer.TRAFO_70"    0.00003,      0.0     0.00067042
"Transformer.TRAFO_89"    0.00047,      0.0     0.00933029
"Transformer.TRAFO_90"    0.00047,      0.0     0.00933029
"Transformer.TRAFO_36"    0.01417,     0.05     0.283478
"Transformer.TRAFO_37"    0.04186,     0.15     0.837339
"Transformer.TRAFO_38"    0.11354,     0.09     2.27096
"Transformer.TRAFO_40"    0.00959,     0.07     0.191802
"Transformer.TRAFO_41"    0.00008,      0.0     0.00158735
"Transformer.TRAFO_42"    0.00012,      0.0     0.00239824
"Transformer.TRAFO_43"    0.00409,     0.05     0.0818277
"Transformer.TRAFO_44"    0.00340,     0.04     0.0679847
"Transformer.TRAFO_48"    0.02277,     3.33     0.455332
"Transformer.TRAFO_50"    0.41290,     0.10     8.25842
"Transformer.TRAFO_51"    0.00678,     0.06     0.135714
"Transformer.TRAFO_53"    0.04565,     0.06     0.913091
"Transformer.TRAFO_54"    0.02334,     0.12     0.466754
"Transformer.TRAFO_55"    0.00193,     0.03     0.0386339
"Transformer.TRAFO_56"    0.00193,     0.03     0.038634
"Transformer.TRAFO_57"    0.00472,     0.05     0.0944385
"Transformer.TRAFO_58"    0.00472,     0.05     0.0944387
"Line.L1"                 0.01963,     0.00     0.0471177
"Line.L2"                 0.01963,     0.00     0.0471177
"Line.L3"                 0.00000,      0.0     3.84626E-006
"Line.L4"                 0.05579,     0.01     0.133884
"Line.L5"                 0.60871,     0.07     0.712991
"Line.L6"                 8.87600,     0.97     4.52046
"Line.L7"                 9.22360,     1.02     4.69772
"Line.L8"                 2.16446,     0.24     1.10336
"Line.L9"                 1.05648,     0.13     0.537882
"Line.L10"                1.56483,     0.62     0.517214
"Line.L11"                0.33164,     0.14     0.10966
"Line.L12"                0.70721,     0.39     0.233717
"Line.L13"                0.40249,     0.35     0.132862
"Line.L14"                0.38908,     0.35     0.128576
"Line.L15"                0.37556,     0.35     0.124099
"Line.L16"                0.06979,     0.07     0.0230734
"Line.L17"                0.09843,     0.11     0.0325479
"Line.L18"                0.00083,      0.0     0.000282842
"Line.L19"                0.03528,     0.06     0.011662
"Line.L20"                0.02268,     0.04     0.00749471
"Line.L21"                0.03640,     0.06     0.0120305
"Line.L22"                0.00018,      0.0     5.9635E-005
"Line.L23"                0.00173,     0.01     0.000571841
"Line.L24"                0.00376,     0.02     0.00124479
"Line.L25"                0.00202,     0.02     0.000668068
"Line.L26"                0.00083,      0.0     0.000275595
"Line.L27"                0.00012,      0.0     3.86003E-005
"Line.L28"                0.00002,      0.0     4.48594E-005
"Line.L29"                0.00014,      0.0     0.000330891
"Line.L30"                0.00030,      0.0     9.95512E-005
"Line.L31"                0.00005,      0.0     1.75634E-005
"Line.L32"                0.00027,      0.0     8.7817E-005
"Line.L33"                0.00064,      0.0     0.000213183
"Line.L34"                0.00054,      0.0     0.000178236
"Line.L35"                0.00002,      0.0     7.82753E-006
"Line.L36"                0.00005,      0.0     0.000117469
"Line.L37"                0.00048,      0.0     0.00116245
"Line.L38"                0.00049,      0.0     0.00057328
"Line.L39"                0.00014,      0.0     0.000165459
"Line.L40"                0.00000,      0.0     5.69612E-006
"Line.L41"                0.00098,     0.03     0.00114462
"Line.L42"                0.00040,      0.0     0.00046667
"Line.L43"                0.00005,      0.0     6.157E-005
"Line.L44"                0.00001,      0.0     1.21227E-005
"Line.L45"                0.00011,      0.0     0.000143487
"Line.L46"                0.00000,      0.0     3.13519E-007
"Line.L47"                0.00486,     0.00     0.0120014
"Line.L48"                0.12159,     0.07     0.297606
"Line.L49"                0.32439,     0.21     0.793747
"Line.L50"                0.03931,     0.03     0.0961597
"Line.L51"                0.00059,      0.0     0.000302743
"Line.L52"                0.00001,      0.0     4.88998E-006
"Line.L53"                1.77315,     0.31     0.90288
"Line.L54"                2.05811,     0.36     1.04832
"Line.L55"                2.79528,     0.50     1.42321
"Line.L56"                2.69024,     0.49     1.37046
"Line.L57"               15.20609,     2.76     5.10408
"Line.L58"                7.49498,     1.40     2.51522
"Line.L59"                2.90924,     0.55     0.962096
"Line.L60"                3.52653,     0.67     1.07047
"Line.L61"                4.63537,     0.89     2.36107
"Line.L62"                0.03680,     0.03     0.0187386
"Line.L63"                0.04433,     0.05     0.0225627
"Line.L64"                0.21722,     0.23     0.110643
"Line.L65"                0.01364,     0.07     0.0069479
"Line.L66"                0.00087,      0.0     0.000264942
"Line.L67"                0.00001,      0.0     1.51767E-006
"Line.L68"                0.00784,     0.04     0.00259149
"Line.L69"                0.00001,      0.0     4.24139E-006

LINE LOSSES=                        70.0 kW
TRANSFORMER LOSSES=                  0.9 kW

TOTAL LOSSES=                       70.9 kW

TOTAL LOAD POWER =                1059.2 kW
Percent Losses for Circuit =      6.69 %
