
NODE-GROUND VOLTAGES BY CIRCUIT ELEMENT

Power Delivery Elements

Bus   (node ref)  Phase    Magnitude, kV (pu)    Angle

ELEMENT = "Vsource.SOURCE"
0      (  1)    1           7.3078 (  0.9998) /_    0.0
0      (  2)    2           7.3078 (  0.9998) /_ -120.0
0      (  3)    3           7.3078 (  0.9998) /_  120.0
------------
0      (  0)    0                0 (       0) /_    0.0
0      (  0)    0                0 (       0) /_    0.0
0      (  0)    0                0 (       0) /_    0.0

ELEMENT = "Transformer.TRAFO_5"
5      (  4)    1           7.2713 (  0.9948) /_    0.0
5      (  5)    2           7.2713 (  0.9948) /_ -120.0
5      (  6)    3           7.2713 (  0.9948) /_  120.0
5      (  0)    0                0 (       0) /_    0.0
------------
5BT    (  7)    1          0.12633 (  0.9946) /_  -30.0
5BT    (  8)    2          0.12633 (  0.9946) /_ -150.0
5BT    (  9)    3          0.12633 (  0.9946) /_   90.0
5BT    (  0)    0                0 (       0) /_    0.0

ELEMENT = "Transformer.TRAFO_6"
6      ( 10)    1            7.237 (  0.9901) /_    0.1
6      ( 11)    2            7.237 (  0.9901) /_ -119.9
6      ( 12)    3            7.237 (  0.9901) /_  120.1
6      (  0)    0                0 (       0) /_    0.0
------------
6BT    ( 13)    1          0.12539 (  0.9872) /_  -30.1
6BT    ( 14)    2          0.12539 (  0.9872) /_ -150.1
6BT    ( 15)    3          0.12539 (  0.9872) /_   89.9
6BT    (  0)    0                0 (       0) /_    0.0

ELEMENT = "Transformer.TRAFO_7"
7      ( 16)    1           7.2288 (   0.989) /_    0.1
7      ( 17)    2           7.2288 (   0.989) /_ -119.9
7      ( 18)    3           7.2288 (   0.989) /_  120.1
7      (  0)    0                0 (       0) /_    0.0
------------
7BT    ( 19)    1          0.12536 (  0.9869) /_  -30.1
7BT    ( 20)    2          0.12536 (  0.9869) /_ -150.1
7BT    ( 21)    3          0.12536 (  0.9869) /_   89.9
7BT    (  0)    0                0 (       0) /_    0.0

ELEMENT = "Transformer.TRAFO_8"
8      ( 22)    1           7.2245 (  0.9884) /_    0.1
8      ( 23)    2           7.2245 (  0.9884) /_ -119.9
8      ( 24)    3           7.2245 (  0.9884) /_  120.1
8      (  0)    0                0 (       0) /_    0.0
------------
8BT    ( 25)    1          0.12528 (  0.9863) /_  -30.1
8BT    ( 26)    2          0.12528 (  0.9863) /_ -150.1
8BT    ( 27)    3          0.12528 (  0.9863) /_   89.9
8BT    (  0)    0                0 (       0) /_    0.0

ELEMENT = "Transformer.TRAFO_9"
9      ( 28)    1           7.2105 (  0.9865) /_    0.1
9      ( 29)    2           7.2105 (  0.9865) /_ -119.9
9      ( 30)    3           7.2105 (  0.9865) /_  120.1
9      (  0)    0                0 (       0) /_    0.0
------------
9BT    ( 31)    1          0.12505 (  0.9845) /_  -30.0
9BT    ( 32)    2          0.12505 (  0.9845) /_ -150.0
9BT    ( 33)    3          0.12505 (  0.9845) /_   90.0
9BT    (  0)    0                0 (       0) /_    0.0

ELEMENT = "Transformer.TRAFO_10"
10     ( 34)    1           7.2074 (  0.9861) /_    0.1
10     ( 35)    2           7.2074 (  0.9861) /_ -119.9
10     ( 36)    3           7.2074 (  0.9861) /_  120.1
10     (  0)    0                0 (       0) /_    0.0
------------
10BT   ( 37)    1          0.12473 (   0.982) /_  -30.2
10BT   ( 38)    2          0.12473 (   0.982) /_ -150.2
10BT   ( 39)    3          0.12473 (   0.982) /_   89.8
10BT   (  0)    0                0 (       0) /_    0.0

ELEMENT = "Transformer.TRAFO_11"
11     ( 40)    1           7.1986 (  0.9849) /_    0.2
11     ( 41)    2           7.1986 (  0.9849) /_ -119.8
11     ( 42)    3           7.1986 (  0.9849) /_  120.2
11     (  0)    0                0 (       0) /_    0.0
------------
11BT   ( 43)    1          0.12458 (  0.9808) /_  -30.1
11BT   ( 44)    2          0.12458 (  0.9808) /_ -150.1
11BT   ( 45)    3          0.12458 (  0.9808) /_   89.9
11BT   (  0)    0                0 (       0) /_    0.0

ELEMENT = "Transformer.TRAFO_12"
12     ( 46)    1           7.1906 (  0.9838) /_    0.2
12     ( 47)    2           7.1906 (  0.9838) /_ -119.8
12     ( 48)    3           7.1906 (  0.9838) /_  120.2
12     (  0)    0                0 (       0) /_    0.0
------------
12BT   ( 49)    1          0.12489 (  0.9832) /_  -29.9
12BT   ( 50)    2          0.12489 (  0.9832) /_ -149.9
12BT   ( 51)    3          0.12489 (  0.9832) /_   90.1
12BT   (  0)    0                0 (       0) /_    0.0

ELEMENT = "Transformer.TRAFO_13"
13     ( 52)    1           7.1827 (  0.9827) /_    0.2
13     ( 53)    2           7.1827 (  0.9827) /_ -119.8
13     ( 54)    3           7.1827 (  0.9827) /_  120.2
13     (  0)    0                0 (       0) /_    0.0
------------
13BT   ( 55)    1          0.12475 (  0.9822) /_  -29.8
13BT   ( 56)    2          0.12475 (  0.9822) /_ -149.8
13BT   ( 57)    3          0.12475 (  0.9822) /_   90.2
13BT   (  0)    0                0 (       0) /_    0.0

ELEMENT = "Transformer.TRAFO_15"
15     ( 58)    1           7.1734 (  0.9814) /_    0.2
15     ( 59)    2           7.1734 (  0.9814) /_ -119.8
15     ( 60)    3           7.1734 (  0.9814) /_  120.2
15     (  0)    0                0 (       0) /_    0.0
------------
15BT   ( 61)    1          0.12428 (  0.9784) /_  -30.0
15BT   ( 62)    2          0.12428 (  0.9784) /_ -150.0
15BT   ( 63)    3          0.12428 (  0.9784) /_   90.0
15BT   (  0)    0                0 (       0) /_    0.0

ELEMENT = "Transformer.TRAFO_16"
16     ( 64)    1           7.1711 (  0.9811) /_    0.2
16     ( 65)    2           7.1711 (  0.9811) /_ -119.8
16     ( 66)    3           7.1711 (  0.9811) /_  120.2
16     (  0)    0                0 (       0) /_    0.0
------------
16BT   ( 67)    1          0.12418 (  0.9776) /_  -30.0
16BT   ( 68)    2          0.12418 (  0.9776) /_ -150.0
16BT   ( 69)    3          0.12418 (  0.9776) /_   90.0
16BT   (  0)    0                0 (       0) /_    0.0

ELEMENT = "Transformer.TRAFO_17"
17     ( 70)    1            7.171 (  0.9811) /_    0.2
17     ( 71)    2            7.171 (  0.9811) /_ -119.8
17     ( 72)    3            7.171 (  0.9811) /_  120.2
17     (  0)    0                0 (       0) /_    0.0
------------
17BT   ( 73)    1          0.12418 (  0.9776) /_  -30.0
17BT   ( 74)    2          0.12418 (  0.9776) /_ -150.0
17BT   ( 75)    3          0.12418 (  0.9776) /_   90.0
17BT   (  0)    0                0 (       0) /_    0.0

ELEMENT = "Transformer.TRAFO_19"
19     ( 76)    1           7.1689 (  0.9808) /_    0.2
19     ( 77)    2           7.1689 (  0.9808) /_ -119.8
19     ( 78)    3           7.1689 (  0.9808) /_  120.2
19     (  0)    0                0 (       0) /_    0.0
------------
19BT   ( 79)    1          0.12457 (  0.9807) /_  -29.8
19BT   ( 80)    2          0.12457 (  0.9807) /_ -149.8
19BT   ( 81)    3          0.12457 (  0.9807) /_   90.2
19BT   (  0)    0                0 (       0) /_    0.0

ELEMENT = "Transformer.TRAFO_20"
20     ( 82)    1           7.1675 (  0.9806) /_    0.2
20     ( 83)    2           7.1675 (  0.9806) /_ -119.8
20     ( 84)    3           7.1675 (  0.9806) /_  120.2
20     (  0)    0                0 (       0) /_    0.0
------------
20BT   ( 85)    1          0.12415 (  0.9774) /_  -30.0
20BT   ( 86)    2          0.12415 (  0.9774) /_ -150.0
20BT   ( 87)    3          0.12415 (  0.9774) /_   90.0
20BT   (  0)    0                0 (       0) /_    0.0

ELEMENT = "Transformer.TRAFO_21"
21     ( 88)    1           7.1675 (  0.9806) /_    0.2
21     ( 89)    2           7.1675 (  0.9806) /_ -119.8
21     ( 90)    3           7.1675 (  0.9806) /_  120.2
21     (  0)    0                0 (       0) /_    0.0
------------
21BT   ( 91)    1          0.12451 (  0.9803) /_  -29.8
21BT   ( 92)    2          0.12451 (  0.9803) /_ -149.8
21BT   ( 93)    3          0.12451 (  0.9803) /_   90.2
21BT   (  0)    0                0 (       0) /_    0.0

ELEMENT = "Transformer.TRAFO_23"
23     ( 94)    1           7.1668 (  0.9805) /_    0.2
23     ( 95)    2           7.1668 (  0.9805) /_ -119.8
23     ( 96)    3           7.1668 (  0.9805) /_  120.2
23     (  0)    0                0 (       0) /_    0.0
------------
23BT   ( 97)    1          0.12429 (  0.9786) /_  -29.9
23BT   ( 98)    2          0.12429 (  0.9786) /_ -149.9
23BT   ( 99)    3          0.12429 (  0.9786) /_   90.1
23BT   (  0)    0                0 (       0) /_    0.0

ELEMENT = "Transformer.TRAFO_25"
25     (100)    1           7.1661 (  0.9804) /_    0.2
25     (101)    2           7.1661 (  0.9804) /_ -119.8
25     (102)    3           7.1661 (  0.9804) /_  120.2
25     (  0)    0                0 (       0) /_    0.0
------------
25BT   (103)    1          0.12441 (  0.9794) /_  -29.8
25BT   (104)    2          0.12441 (  0.9794) /_ -149.8
25BT   (105)    3          0.12441 (  0.9794) /_   90.2
25BT   (  0)    0                0 (       0) /_    0.0

ELEMENT = "Transformer.TRAFO_26"
26     (106)    1           7.1661 (  0.9804) /_    0.2
26     (107)    2           7.1661 (  0.9804) /_ -119.8
26     (108)    3           7.1661 (  0.9804) /_  120.2
26     (  0)    0                0 (       0) /_    0.0
------------
26BT   (109)    1          0.12441 (  0.9794) /_  -29.8
26BT   (110)    2          0.12441 (  0.9794) /_ -149.8
26BT   (111)    3          0.12441 (  0.9794) /_   90.2
26BT   (  0)    0                0 (       0) /_    0.0

ELEMENT = "Transformer.TRAFO_27"
27     (112)    1           7.3076 (  0.9998) /_    0.0
27     (113)    2           7.3076 (  0.9998) /_ -120.0
27     (114)    3           7.3076 (  0.9998) /_  120.0
27     (  0)    0                0 (       0) /_    0.0
------------
27BT   (115)    1          0.25358 (  0.9982) /_  -30.1
27BT   (116)    2          0.25358 (  0.9982) /_ -150.1
27BT   (117)    3          0.25358 (  0.9982) /_   89.9
27BT   (  0)    0                0 (       0) /_    0.0

ELEMENT = "Transformer.TRAFO_28"
28     (118)    1           7.3074 (  0.9997) /_    0.0
28     (119)    2           7.3074 (  0.9997) /_ -120.0
28     (120)    3           7.3074 (  0.9997) /_  120.0
28     (  0)    0                0 (       0) /_    0.0
------------
28BT   (121)    1          0.25358 (  0.9982) /_  -30.1
28BT   (122)    2          0.25358 (  0.9982) /_ -150.1
28BT   (123)    3          0.25358 (  0.9982) /_   89.9
28BT   (  0)    0                0 (       0) /_    0.0

ELEMENT = "Transformer.TRAFO_32"
32     (124)    1           7.3061 (  0.9996) /_    0.0
32     (125)    2           7.3061 (  0.9996) /_ -120.0
32     (126)    3           7.3061 (  0.9996) /_  120.0
32     (  0)    0                0 (       0) /_    0.0
------------
32BT   (127)    1          0.25372 (  0.9988) /_  -30.1
32BT   (128)    2          0.25372 (  0.9988) /_ -150.1
32BT   (129)    3          0.25372 (  0.9988) /_   89.9
32BT   (  0)    0                0 (       0) /_    0.0

ELEMENT = "Transformer.TRAFO_33"
33     (130)    1           7.3053 (  0.9995) /_    0.0
33     (131)    2           7.3053 (  0.9995) /_ -120.0
33     (132)    3           7.3053 (  0.9995) /_  120.0
33     (  0)    0                0 (       0) /_    0.0
------------
33BT   (133)    1          0.25361 (  0.9983) /_  -30.1
33BT   (134)    2          0.25361 (  0.9983) /_ -150.1
33BT   (135)    3          0.25361 (  0.9983) /_   89.9
33BT   (  0)    0                0 (       0) /_    0.0

ELEMENT = "Transformer.TRAFO_34"
34     (136)    1           7.3051 (  0.9994) /_    0.0
34     (137)    2           7.3051 (  0.9994) /_ -120.0
34     (138)    3           7.3051 (  0.9994) /_  120.0
34     (  0)    0                0 (       0) /_    0.0
------------
34BT   (139)    1          0.25381 (  0.9991) /_  -30.0
34BT   (140)    2          0.25381 (  0.9991) /_ -150.0
34BT   (141)    3          0.25381 (  0.9991) /_   90.0
34BT   (  0)    0                0 (       0) /_    0.0

ELEMENT = "Transformer.TRAFO_27E"
27E    (142)    1           7.3076 (  0.9998) /_    0.0
27E    (143)    2           7.3076 (  0.9998) /_ -120.0
27E    (144)    3           7.3076 (  0.9998) /_  120.0
27E    (  0)    0                0 (       0) /_    0.0
------------
27EBT  (145)    1          0.25358 (  0.9982) /_  -30.1
27EBT  (146)    2          0.25358 (  0.9982) /_ -150.1
27EBT  (147)    3          0.25358 (  0.9982) /_   89.9
27EBT  (  0)    0                0 (       0) /_    0.0

ELEMENT = "Transformer.TRAFO_28E"
28E    (148)    1           7.3072 (  0.9997) /_    0.0
28E    (149)    2           7.3072 (  0.9997) /_ -120.0
28E    (150)    3           7.3072 (  0.9997) /_  120.0
28E    (  0)    0                0 (       0) /_    0.0
------------
28EBT  (151)    1          0.25357 (  0.9982) /_  -30.1
28EBT  (152)    2          0.25357 (  0.9982) /_ -150.1
28EBT  (153)    3          0.25357 (  0.9982) /_   89.9
28EBT  (  0)    0                0 (       0) /_    0.0

ELEMENT = "Transformer.TRAFO_66"
66     (154)    1           7.3068 (  0.9997) /_    0.0
66     (155)    2           7.3068 (  0.9997) /_ -120.0
66     (156)    3           7.3068 (  0.9997) /_  120.0
66     (  0)    0                0 (       0) /_    0.0
------------
66BT   (157)    1          0.25359 (  0.9982) /_  -30.1
66BT   (158)    2          0.25359 (  0.9982) /_ -150.1
66BT   (159)    3          0.25359 (  0.9982) /_   89.9
66BT   (  0)    0                0 (       0) /_    0.0

ELEMENT = "Transformer.TRAFO_67"
67     (160)    1           7.3068 (  0.9997) /_    0.0
67     (161)    2           7.3068 (  0.9997) /_ -120.0
67     (162)    3           7.3068 (  0.9997) /_  120.0
67     (  0)    0                0 (       0) /_    0.0
------------
67BT   (163)    1          0.25359 (  0.9982) /_  -30.1
67BT   (164)    2          0.25359 (  0.9982) /_ -150.1
67BT   (165)    3          0.25359 (  0.9982) /_   89.9
67BT   (  0)    0                0 (       0) /_    0.0

ELEMENT = "Transformer.TRAFO_68"
68     (166)    1           7.3057 (  0.9995) /_    0.0
68     (167)    2           7.3057 (  0.9995) /_ -120.0
68     (168)    3           7.3057 (  0.9995) /_  120.0
68     (  0)    0                0 (       0) /_    0.0
------------
68BT   (169)    1          0.25389 (  0.9994) /_  -30.0
68BT   (170)    2          0.25389 (  0.9994) /_ -150.0
68BT   (171)    3          0.25389 (  0.9994) /_   90.0
68BT   (  0)    0                0 (       0) /_    0.0

ELEMENT = "Transformer.TRAFO_70"
70     (172)    1           7.3052 (  0.9994) /_    0.0
70     (173)    2           7.3052 (  0.9994) /_ -120.0
70     (174)    3           7.3052 (  0.9994) /_  120.0
70     (  0)    0                0 (       0) /_    0.0
------------
70BT   (175)    1           0.2538 (  0.9991) /_  -30.0
70BT   (176)    2           0.2538 (  0.9991) /_ -150.0
70BT   (177)    3           0.2538 (  0.9991) /_   90.0
70BT   (  0)    0                0 (       0) /_    0.0

ELEMENT = "Transformer.TRAFO_89"
89     (178)    1            7.305 (  0.9994) /_    0.0
89     (179)    2            7.305 (  0.9994) /_ -120.0
89     (180)    3            7.305 (  0.9994) /_  120.0
89     (  0)    0                0 (       0) /_    0.0
------------
89BT   (181)    1          0.25336 (  0.9973) /_  -30.0
89BT   (182)    2          0.25336 (  0.9973) /_ -150.0
89BT   (183)    3          0.25336 (  0.9973) /_   90.0
89BT   (  0)    0                0 (       0) /_    0.0

ELEMENT = "Transformer.TRAFO_90"
90     (184)    1            7.305 (  0.9994) /_    0.0
90     (185)    2            7.305 (  0.9994) /_ -120.0
90     (186)    3            7.305 (  0.9994) /_  120.0
90     (  0)    0                0 (       0) /_    0.0
------------
90BT   (187)    1          0.25336 (  0.9973) /_  -30.0
90BT   (188)    2          0.25336 (  0.9973) /_ -150.0
90BT   (189)    3          0.25336 (  0.9973) /_   90.0
90BT   (  0)    0                0 (       0) /_    0.0

ELEMENT = "Transformer.TRAFO_36"
36     (190)    1            7.304 (  0.9993) /_    0.0
36     (191)    2            7.304 (  0.9993) /_ -120.0
36     (192)    3            7.304 (  0.9993) /_  120.0
36     (  0)    0                0 (       0) /_    0.0
------------
36BT   (193)    1          0.12665 (  0.9971) /_  -30.2
36BT   (194)    2          0.12665 (  0.9971) /_ -150.2
36BT   (195)    3          0.12665 (  0.9971) /_   89.8
36BT   (  0)    0                0 (       0) /_    0.0

ELEMENT = "Transformer.TRAFO_37"
37     (196)    1           7.2943 (   0.998) /_    0.0
37     (197)    2           7.2943 (   0.998) /_ -120.0
37     (198)    3           7.2943 (   0.998) /_  120.0
37     (  0)    0                0 (       0) /_    0.0
------------
37BT   (199)    1          0.12634 (  0.9946) /_  -30.1
37BT   (200)    2          0.12634 (  0.9946) /_ -150.1
37BT   (201)    3          0.12634 (  0.9946) /_   89.9
37BT   (  0)    0                0 (       0) /_    0.0

ELEMENT = "Transformer.TRAFO_38"
38     (202)    1           7.2927 (  0.9977) /_   -0.1
38     (203)    2           7.2927 (  0.9977) /_ -120.1
38     (204)    3           7.2927 (  0.9977) /_  119.9
38     (  0)    0                0 (       0) /_    0.0
------------
38BT   (205)    1          0.12628 (  0.9942) /_  -30.3
38BT   (206)    2          0.12628 (  0.9942) /_ -150.3
38BT   (207)    3          0.12628 (  0.9942) /_   89.7
38BT   (  0)    0                0 (       0) /_    0.0

ELEMENT = "Transformer.TRAFO_40"
40     (208)    1           7.2287 (   0.989) /_    0.1
40     (209)    2           7.2287 (   0.989) /_ -119.9
40     (210)    3           7.2287 (   0.989) /_  120.1
40     (  0)    0                0 (       0) /_    0.0
------------
40BT   (211)    1          0.12527 (  0.9862) /_  -30.1
40BT   (212)    2          0.12527 (  0.9862) /_ -150.1
40BT   (213)    3          0.12527 (  0.9862) /_   89.9
40BT   (  0)    0                0 (       0) /_    0.0

ELEMENT = "Transformer.TRAFO_41"
41     (214)    1           7.2286 (   0.989) /_    0.1
41     (215)    2           7.2286 (   0.989) /_ -119.9
41     (216)    3           7.2286 (   0.989) /_  120.1
41     (  0)    0                0 (       0) /_    0.0
------------
41BT   (217)    1          0.12558 (  0.9887) /_  -29.9
41BT   (218)    2          0.12558 (  0.9887) /_ -149.9
41BT   (219)    3          0.12558 (  0.9887) /_   90.1
41BT   (  0)    0                0 (       0) /_    0.0

ELEMENT = "Transformer.TRAFO_42"
42     (220)    1            7.213 (  0.9868) /_    0.1
42     (221)    2            7.213 (  0.9868) /_ -119.9
42     (222)    3            7.213 (  0.9868) /_  120.1
42     (  0)    0                0 (       0) /_    0.0
------------
42BT   (223)    1          0.25056 (  0.9863) /_  -29.9
42BT   (224)    2          0.25056 (  0.9863) /_ -149.9
42BT   (225)    3          0.25056 (  0.9863) /_   90.1
42BT   (  0)    0                0 (       0) /_    0.0

ELEMENT = "Transformer.TRAFO_43"
43     (226)    1           7.1996 (   0.985) /_    0.1
43     (227)    2           7.1996 (   0.985) /_ -119.9
43     (228)    3           7.1996 (   0.985) /_  120.1
43     (  0)    0                0 (       0) /_    0.0
------------
43BT   (229)    1          0.24951 (  0.9822) /_  -30.1
43BT   (230)    2          0.24951 (  0.9822) /_ -150.1
43BT   (231)    3          0.24951 (  0.9822) /_   89.9
43BT   (  0)    0                0 (       0) /_    0.0

ELEMENT = "Transformer.TRAFO_44"
44     (232)    1           7.1811 (  0.9825) /_    0.1
44     (233)    2           7.1811 (  0.9825) /_ -119.9
44     (234)    3           7.1811 (  0.9825) /_  120.1
44     (  0)    0                0 (       0) /_    0.0
------------
44BT   (235)    1          0.24893 (  0.9799) /_  -30.0
44BT   (236)    2          0.24893 (  0.9799) /_ -150.0
44BT   (237)    3          0.24893 (  0.9799) /_   90.0
44BT   (  0)    0                0 (       0) /_    0.0

ELEMENT = "Transformer.TRAFO_48"
48     (238)    1           7.0079 (  0.9588) /_    0.6
48     (239)    2           7.0079 (  0.9588) /_ -119.4
48     (240)    3           7.0079 (  0.9588) /_  120.6
48     (  0)    0                0 (       0) /_    0.0
------------
48BT   (241)    1          0.24093 (  0.9484) /_  -29.4
48BT   (242)    2          0.24093 (  0.9484) /_ -149.4
48BT   (243)    3          0.24093 (  0.9484) /_   90.6
48BT   (  0)    0                0 (       0) /_    0.0

ELEMENT = "Transformer.TRAFO_50"
50     (244)    1           6.9544 (  0.9514) /_    0.7
50     (245)    2           6.9544 (  0.9514) /_ -119.3
50     (246)    3           6.9544 (  0.9514) /_  120.7
50     (  0)    0                0 (       0) /_    0.0
------------
50BT   (247)    1           0.2403 (   0.946) /_  -29.7
50BT   (248)    2           0.2403 (   0.946) /_ -149.7
50BT   (249)    3           0.2403 (   0.946) /_   90.3
50BT   (  0)    0                0 (       0) /_    0.0

ELEMENT = "Transformer.TRAFO_51"
51     (250)    1           6.9531 (  0.9513) /_    0.7
51     (251)    2           6.9531 (  0.9513) /_ -119.3
51     (252)    3           6.9531 (  0.9513) /_  120.7
51     (  0)    0                0 (       0) /_    0.0
------------
51BT   (253)    1          0.24076 (  0.9478) /_  -29.6
51BT   (254)    2          0.24076 (  0.9478) /_ -149.6
51BT   (255)    3          0.24076 (  0.9478) /_   90.4
51BT   (  0)    0                0 (       0) /_    0.0

ELEMENT = "Transformer.TRAFO_53"
53     (256)    1           6.9433 (  0.9499) /_    0.7
53     (257)    2           6.9433 (  0.9499) /_ -119.3
53     (258)    3           6.9433 (  0.9499) /_  120.7
53     (  0)    0                0 (       0) /_    0.0
------------
53BT   (259)    1          0.24047 (  0.9466) /_  -29.5
53BT   (260)    2          0.24047 (  0.9466) /_ -149.5
53BT   (261)    3          0.24047 (  0.9466) /_   90.5
53BT   (  0)    0                0 (       0) /_    0.0

ELEMENT = "Transformer.TRAFO_54"
54     (262)    1           6.9408 (  0.9496) /_    0.7
54     (263)    2           6.9408 (  0.9496) /_ -119.3
54     (264)    3           6.9408 (  0.9496) /_  120.7
54     (  0)    0                0 (       0) /_    0.0
------------
54BT   (265)    1          0.23958 (  0.9431) /_  -29.8
54BT   (266)    2          0.23958 (  0.9431) /_ -149.8
54BT   (267)    3          0.23958 (  0.9431) /_   90.2
54BT   (  0)    0                0 (       0) /_    0.0

ELEMENT = "Transformer.TRAFO_55"
55     (268)    1           7.2072 (   0.986) /_    0.1
55     (269)    2           7.2072 (   0.986) /_ -119.9
55     (270)    3           7.2072 (   0.986) /_  120.1
55     (  0)    0                0 (       0) /_    0.0
------------
55BT   (271)    1          0.12509 (  0.9848) /_  -30.0
55BT   (272)    2          0.12509 (  0.9848) /_ -150.0
55BT   (273)    3          0.12509 (  0.9848) /_   90.0
55BT   (  0)    0                0 (       0) /_    0.0

ELEMENT = "Transformer.TRAFO_56"
56     (274)    1           7.2072 (   0.986) /_    0.1
56     (275)    2           7.2072 (   0.986) /_ -119.9
56     (276)    3           7.2072 (   0.986) /_  120.1
56     (  0)    0                0 (       0) /_    0.0
------------
56BT   (277)    1          0.12509 (  0.9848) /_  -30.0
56BT   (278)    2          0.12509 (  0.9848) /_ -150.0
56BT   (279)    3          0.12509 (  0.9848) /_   90.0
56BT   (  0)    0                0 (       0) /_    0.0

ELEMENT = "Transformer.TRAFO_57"
57     (280)    1           7.1976 (  0.9847) /_    0.2
57     (281)    2           7.1976 (  0.9847) /_ -119.8
57     (282)    3           7.1976 (  0.9847) /_  120.2
57     (  0)    0                0 (       0) /_    0.0
------------
57BT   (283)    1          0.12483 (  0.9828) /_  -30.0
57BT   (284)    2          0.12483 (  0.9828) /_ -150.0
57BT   (285)    3          0.12483 (  0.9828) /_   90.0
57BT   (  0)    0                0 (       0) /_    0.0

ELEMENT = "Transformer.TRAFO_58"
58     (286)    1           7.1976 (  0.9847) /_    0.2
58     (287)    2           7.1976 (  0.9847) /_ -119.8
58     (288)    3           7.1976 (  0.9847) /_  120.2
58     (  0)    0                0 (       0) /_    0.0
------------
58BT   (289)    1          0.12483 (  0.9828) /_  -30.0
58BT   (290)    2          0.12483 (  0.9828) /_ -150.0
58BT   (291)    3          0.12483 (  0.9828) /_   90.0
58BT   (  0)    0                0 (       0) /_    0.0

ELEMENT = "Line.L1"
0      (  1)    1           7.3078 (  0.9998) /_    0.0
0      (  2)    2           7.3078 (  0.9998) /_ -120.0
0      (  3)    3           7.3078 (  0.9998) /_  120.0
------------
1      (292)    1           7.3077 (  0.9998) /_    0.0
1      (293)    2           7.3077 (  0.9998) /_ -120.0
1      (294)    3           7.3077 (  0.9998) /_  120.0

ELEMENT = "Line.L2"
1      (292)    1           7.3077 (  0.9998) /_    0.0
1      (293)    2           7.3077 (  0.9998) /_ -120.0
1      (294)    3           7.3077 (  0.9998) /_  120.0
------------
2      (295)    1           7.3076 (  0.9998) /_    0.0
2      (296)    2           7.3076 (  0.9998) /_ -120.0
2      (297)    3           7.3076 (  0.9998) /_  120.0

ELEMENT = "Line.L3"
2      (295)    1           7.3076 (  0.9998) /_    0.0
2      (296)    2           7.3076 (  0.9998) /_ -120.0
2      (297)    3           7.3076 (  0.9998) /_  120.0
------------
2E     (298)    1           7.3076 (  0.9998) /_    0.0
2E     (299)    2           7.3076 (  0.9998) /_ -120.0
2E     (300)    3           7.3076 (  0.9998) /_  120.0

ELEMENT = "Line.L4"
2E     (298)    1           7.3076 (  0.9998) /_    0.0
2E     (299)    2           7.3076 (  0.9998) /_ -120.0
2E     (300)    3           7.3076 (  0.9998) /_  120.0
------------
3      (301)    1           7.3073 (  0.9997) /_    0.0
3      (302)    2           7.3073 (  0.9997) /_ -120.0
3      (303)    3           7.3073 (  0.9997) /_  120.0

ELEMENT = "Line.L5"
3      (301)    1           7.3073 (  0.9997) /_    0.0
3      (302)    2           7.3073 (  0.9997) /_ -120.0
3      (303)    3           7.3073 (  0.9997) /_  120.0
------------
4      (304)    1           7.3042 (  0.9993) /_    0.0
4      (305)    2           7.3042 (  0.9993) /_ -120.0
4      (306)    3           7.3042 (  0.9993) /_  120.0

ELEMENT = "Line.L6"
4      (304)    1           7.3042 (  0.9993) /_    0.0
4      (305)    2           7.3042 (  0.9993) /_ -120.0
4      (306)    3           7.3042 (  0.9993) /_  120.0
------------
5      (  4)    1           7.2713 (  0.9948) /_    0.0
5      (  5)    2           7.2713 (  0.9948) /_ -120.0
5      (  6)    3           7.2713 (  0.9948) /_  120.0

ELEMENT = "Line.L7"
5      (  4)    1           7.2713 (  0.9948) /_    0.0
5      (  5)    2           7.2713 (  0.9948) /_ -120.0
5      (  6)    3           7.2713 (  0.9948) /_  120.0
------------
6      ( 10)    1            7.237 (  0.9901) /_    0.1
6      ( 11)    2            7.237 (  0.9901) /_ -119.9
6      ( 12)    3            7.237 (  0.9901) /_  120.1

ELEMENT = "Line.L8"
6      ( 10)    1            7.237 (  0.9901) /_    0.1
6      ( 11)    2            7.237 (  0.9901) /_ -119.9
6      ( 12)    3            7.237 (  0.9901) /_  120.1
------------
7      ( 16)    1           7.2288 (   0.989) /_    0.1
7      ( 17)    2           7.2288 (   0.989) /_ -119.9
7      ( 18)    3           7.2288 (   0.989) /_  120.1

ELEMENT = "Line.L9"
7      ( 16)    1           7.2288 (   0.989) /_    0.1
7      ( 17)    2           7.2288 (   0.989) /_ -119.9
7      ( 18)    3           7.2288 (   0.989) /_  120.1
------------
8      ( 22)    1           7.2245 (  0.9884) /_    0.1
8      ( 23)    2           7.2245 (  0.9884) /_ -119.9
8      ( 24)    3           7.2245 (  0.9884) /_  120.1

ELEMENT = "Line.L10"
8      ( 22)    1           7.2245 (  0.9884) /_    0.1
8      ( 23)    2           7.2245 (  0.9884) /_ -119.9
8      ( 24)    3           7.2245 (  0.9884) /_  120.1
------------
9      ( 28)    1           7.2105 (  0.9865) /_    0.1
9      ( 29)    2           7.2105 (  0.9865) /_ -119.9
9      ( 30)    3           7.2105 (  0.9865) /_  120.1

ELEMENT = "Line.L11"
9      ( 28)    1           7.2105 (  0.9865) /_    0.1
9      ( 29)    2           7.2105 (  0.9865) /_ -119.9
9      ( 30)    3           7.2105 (  0.9865) /_  120.1
------------
10     ( 34)    1           7.2074 (  0.9861) /_    0.1
10     ( 35)    2           7.2074 (  0.9861) /_ -119.9
10     ( 36)    3           7.2074 (  0.9861) /_  120.1

ELEMENT = "Line.L12"
10     ( 34)    1           7.2074 (  0.9861) /_    0.1
10     ( 35)    2           7.2074 (  0.9861) /_ -119.9
10     ( 36)    3           7.2074 (  0.9861) /_  120.1
------------
11     ( 40)    1           7.1986 (  0.9849) /_    0.2
11     ( 41)    2           7.1986 (  0.9849) /_ -119.8
11     ( 42)    3           7.1986 (  0.9849) /_  120.2

ELEMENT = "Line.L13"
11     ( 40)    1           7.1986 (  0.9849) /_    0.2
11     ( 41)    2           7.1986 (  0.9849) /_ -119.8
11     ( 42)    3           7.1986 (  0.9849) /_  120.2
------------
12     ( 46)    1           7.1906 (  0.9838) /_    0.2
12     ( 47)    2           7.1906 (  0.9838) /_ -119.8
12     ( 48)    3           7.1906 (  0.9838) /_  120.2

ELEMENT = "Line.L14"
12     ( 46)    1           7.1906 (  0.9838) /_    0.2
12     ( 47)    2           7.1906 (  0.9838) /_ -119.8
12     ( 48)    3           7.1906 (  0.9838) /_  120.2
------------
13     ( 52)    1           7.1827 (  0.9827) /_    0.2
13     ( 53)    2           7.1827 (  0.9827) /_ -119.8
13     ( 54)    3           7.1827 (  0.9827) /_  120.2

ELEMENT = "Line.L15"
13     ( 52)    1           7.1827 (  0.9827) /_    0.2
13     ( 53)    2           7.1827 (  0.9827) /_ -119.8
13     ( 54)    3           7.1827 (  0.9827) /_  120.2
------------
14     (307)    1           7.1749 (  0.9816) /_    0.2
14     (308)    2           7.1749 (  0.9816) /_ -119.8
14     (309)    3           7.1749 (  0.9816) /_  120.2

ELEMENT = "Line.L16"
14     (307)    1           7.1749 (  0.9816) /_    0.2
14     (308)    2           7.1749 (  0.9816) /_ -119.8
14     (309)    3           7.1749 (  0.9816) /_  120.2
------------
15     ( 58)    1           7.1734 (  0.9814) /_    0.2
15     ( 59)    2           7.1734 (  0.9814) /_ -119.8
15     ( 60)    3           7.1734 (  0.9814) /_  120.2

ELEMENT = "Line.L17"
15     ( 58)    1           7.1734 (  0.9814) /_    0.2
15     ( 59)    2           7.1734 (  0.9814) /_ -119.8
15     ( 60)    3           7.1734 (  0.9814) /_  120.2
------------
16     ( 64)    1           7.1711 (  0.9811) /_    0.2
16     ( 65)    2           7.1711 (  0.9811) /_ -119.8
16     ( 66)    3           7.1711 (  0.9811) /_  120.2

ELEMENT = "Line.L18"
16     ( 64)    1           7.1711 (  0.9811) /_    0.2
16     ( 65)    2           7.1711 (  0.9811) /_ -119.8
16     ( 66)    3           7.1711 (  0.9811) /_  120.2
------------
17     ( 70)    1            7.171 (  0.9811) /_    0.2
17     ( 71)    2            7.171 (  0.9811) /_ -119.8
17     ( 72)    3            7.171 (  0.9811) /_  120.2

ELEMENT = "Line.L19"
17     ( 70)    1            7.171 (  0.9811) /_    0.2
17     ( 71)    2            7.171 (  0.9811) /_ -119.8
17     ( 72)    3            7.171 (  0.9811) /_  120.2
------------
18     (310)    1           7.1697 (  0.9809) /_    0.2
18     (311)    2           7.1697 (  0.9809) /_ -119.8
18     (312)    3           7.1697 (  0.9809) /_  120.2

ELEMENT = "Line.L20"
18     (310)    1           7.1697 (  0.9809) /_    0.2
18     (311)    2           7.1697 (  0.9809) /_ -119.8
18     (312)    3           7.1697 (  0.9809) /_  120.2
------------
19     ( 76)    1           7.1689 (  0.9808) /_    0.2
19     ( 77)    2           7.1689 (  0.9808) /_ -119.8
19     ( 78)    3           7.1689 (  0.9808) /_  120.2

ELEMENT = "Line.L21"
19     ( 76)    1           7.1689 (  0.9808) /_    0.2
19     ( 77)    2           7.1689 (  0.9808) /_ -119.8
19     ( 78)    3           7.1689 (  0.9808) /_  120.2
------------
20     ( 82)    1           7.1675 (  0.9806) /_    0.2
20     ( 83)    2           7.1675 (  0.9806) /_ -119.8
20     ( 84)    3           7.1675 (  0.9806) /_  120.2

ELEMENT = "Line.L22"
20     ( 82)    1           7.1675 (  0.9806) /_    0.2
20     ( 83)    2           7.1675 (  0.9806) /_ -119.8
20     ( 84)    3           7.1675 (  0.9806) /_  120.2
------------
21     ( 88)    1           7.1675 (  0.9806) /_    0.2
21     ( 89)    2           7.1675 (  0.9806) /_ -119.8
21     ( 90)    3           7.1675 (  0.9806) /_  120.2

ELEMENT = "Line.L23"
21     ( 88)    1           7.1675 (  0.9806) /_    0.2
21     ( 89)    2           7.1675 (  0.9806) /_ -119.8
21     ( 90)    3           7.1675 (  0.9806) /_  120.2
------------
22     (313)    1           7.1673 (  0.9806) /_    0.2
22     (314)    2           7.1673 (  0.9806) /_ -119.8
22     (315)    3           7.1673 (  0.9806) /_  120.2

ELEMENT = "Line.L24"
22     (313)    1           7.1673 (  0.9806) /_    0.2
22     (314)    2           7.1673 (  0.9806) /_ -119.8
22     (315)    3           7.1673 (  0.9806) /_  120.2
------------
23     ( 94)    1           7.1668 (  0.9805) /_    0.2
23     ( 95)    2           7.1668 (  0.9805) /_ -119.8
23     ( 96)    3           7.1668 (  0.9805) /_  120.2

ELEMENT = "Line.L25"
23     ( 94)    1           7.1668 (  0.9805) /_    0.2
23     ( 95)    2           7.1668 (  0.9805) /_ -119.8
23     ( 96)    3           7.1668 (  0.9805) /_  120.2
------------
24     (316)    1           7.1663 (  0.9804) /_    0.2
24     (317)    2           7.1663 (  0.9804) /_ -119.8
24     (318)    3           7.1663 (  0.9804) /_  120.2

ELEMENT = "Line.L26"
24     (316)    1           7.1663 (  0.9804) /_    0.2
24     (317)    2           7.1663 (  0.9804) /_ -119.8
24     (318)    3           7.1663 (  0.9804) /_  120.2
------------
25     (100)    1           7.1661 (  0.9804) /_    0.2
25     (101)    2           7.1661 (  0.9804) /_ -119.8
25     (102)    3           7.1661 (  0.9804) /_  120.2

ELEMENT = "Line.L27"
25     (100)    1           7.1661 (  0.9804) /_    0.2
25     (101)    2           7.1661 (  0.9804) /_ -119.8
25     (102)    3           7.1661 (  0.9804) /_  120.2
------------
26     (106)    1           7.1661 (  0.9804) /_    0.2
26     (107)    2           7.1661 (  0.9804) /_ -119.8
26     (108)    3           7.1661 (  0.9804) /_  120.2

ELEMENT = "Line.L28"
2      (295)    1           7.3076 (  0.9998) /_    0.0
2      (296)    2           7.3076 (  0.9998) /_ -120.0
2      (297)    3           7.3076 (  0.9998) /_  120.0
------------
27     (112)    1           7.3076 (  0.9998) /_    0.0
27     (113)    2           7.3076 (  0.9998) /_ -120.0
27     (114)    3           7.3076 (  0.9998) /_  120.0

ELEMENT = "Line.L29"
27     (112)    1           7.3076 (  0.9998) /_    0.0
27     (113)    2           7.3076 (  0.9998) /_ -120.0
27     (114)    3           7.3076 (  0.9998) /_  120.0
------------
28     (118)    1           7.3074 (  0.9997) /_    0.0
28     (119)    2           7.3074 (  0.9997) /_ -120.0
28     (120)    3           7.3074 (  0.9997) /_  120.0

ELEMENT = "Line.L30"
28     (118)    1           7.3074 (  0.9997) /_    0.0
28     (119)    2           7.3074 (  0.9997) /_ -120.0
28     (120)    3           7.3074 (  0.9997) /_  120.0
------------
29     (319)    1           7.3071 (  0.9997) /_    0.0
29     (320)    2           7.3071 (  0.9997) /_ -120.0
29     (321)    3           7.3071 (  0.9997) /_  120.0

ELEMENT = "Line.L31"
29     (319)    1           7.3071 (  0.9997) /_    0.0
29     (320)    2           7.3071 (  0.9997) /_ -120.0
29     (321)    3           7.3071 (  0.9997) /_  120.0
------------
30     (322)    1            7.307 (  0.9997) /_    0.0
30     (323)    2            7.307 (  0.9997) /_ -120.0
30     (324)    3            7.307 (  0.9997) /_  120.0

ELEMENT = "Line.L32"
30     (322)    1            7.307 (  0.9997) /_    0.0
30     (323)    2            7.307 (  0.9997) /_ -120.0
30     (324)    3            7.307 (  0.9997) /_  120.0
------------
31     (325)    1           7.3068 (  0.9997) /_    0.0
31     (326)    2           7.3068 (  0.9997) /_ -120.0
31     (327)    3           7.3068 (  0.9997) /_  120.0

ELEMENT = "Line.L33"
31     (325)    1           7.3068 (  0.9997) /_    0.0
31     (326)    2           7.3068 (  0.9997) /_ -120.0
31     (327)    3           7.3068 (  0.9997) /_  120.0
------------
32     (124)    1           7.3061 (  0.9996) /_    0.0
32     (125)    2           7.3061 (  0.9996) /_ -120.0
32     (126)    3           7.3061 (  0.9996) /_  120.0

ELEMENT = "Line.L34"
32     (124)    1           7.3061 (  0.9996) /_    0.0
32     (125)    2           7.3061 (  0.9996) /_ -120.0
32     (126)    3           7.3061 (  0.9996) /_  120.0
------------
33     (130)    1           7.3053 (  0.9995) /_    0.0
33     (131)    2           7.3053 (  0.9995) /_ -120.0
33     (132)    3           7.3053 (  0.9995) /_  120.0

ELEMENT = "Line.L35"
33     (130)    1           7.3053 (  0.9995) /_    0.0
33     (131)    2           7.3053 (  0.9995) /_ -120.0
33     (132)    3           7.3053 (  0.9995) /_  120.0
------------
34     (136)    1           7.3051 (  0.9994) /_    0.0
34     (137)    2           7.3051 (  0.9994) /_ -120.0
34     (138)    3           7.3051 (  0.9994) /_  120.0

ELEMENT = "Line.L36"
2E     (298)    1           7.3076 (  0.9998) /_    0.0
2E     (299)    2           7.3076 (  0.9998) /_ -120.0
2E     (300)    3           7.3076 (  0.9998) /_  120.0
------------
27E    (142)    1           7.3076 (  0.9998) /_    0.0
27E    (143)    2           7.3076 (  0.9998) /_ -120.0
27E    (144)    3           7.3076 (  0.9998) /_  120.0

ELEMENT = "Line.L37"
27E    (142)    1           7.3076 (  0.9998) /_    0.0
27E    (143)    2           7.3076 (  0.9998) /_ -120.0
27E    (144)    3           7.3076 (  0.9998) /_  120.0
------------
28E    (148)    1           7.3072 (  0.9997) /_    0.0
28E    (149)    2           7.3072 (  0.9997) /_ -120.0
28E    (150)    3           7.3072 (  0.9997) /_  120.0

ELEMENT = "Line.L38"
28E    (148)    1           7.3072 (  0.9997) /_    0.0
28E    (149)    2           7.3072 (  0.9997) /_ -120.0
28E    (150)    3           7.3072 (  0.9997) /_  120.0
------------
65     (328)    1           7.3069 (  0.9997) /_    0.0
65     (329)    2           7.3069 (  0.9997) /_ -120.0
65     (330)    3           7.3069 (  0.9997) /_  120.0

ELEMENT = "Line.L39"
65     (328)    1           7.3069 (  0.9997) /_    0.0
65     (329)    2           7.3069 (  0.9997) /_ -120.0
65     (330)    3           7.3069 (  0.9997) /_  120.0
------------
66     (154)    1           7.3068 (  0.9997) /_    0.0
66     (155)    2           7.3068 (  0.9997) /_ -120.0
66     (156)    3           7.3068 (  0.9997) /_  120.0

ELEMENT = "Line.L40"
66     (154)    1           7.3068 (  0.9997) /_    0.0
66     (155)    2           7.3068 (  0.9997) /_ -120.0
66     (156)    3           7.3068 (  0.9997) /_  120.0
------------
67     (160)    1           7.3068 (  0.9997) /_    0.0
67     (161)    2           7.3068 (  0.9997) /_ -120.0
67     (162)    3           7.3068 (  0.9997) /_  120.0

ELEMENT = "Line.L41"
67     (160)    1           7.3068 (  0.9997) /_    0.0
67     (161)    2           7.3068 (  0.9997) /_ -120.0
67     (162)    3           7.3068 (  0.9997) /_  120.0
------------
68     (166)    1           7.3057 (  0.9995) /_    0.0
68     (167)    2           7.3057 (  0.9995) /_ -120.0
68     (168)    3           7.3057 (  0.9995) /_  120.0

ELEMENT = "Line.L42"
68     (166)    1           7.3057 (  0.9995) /_    0.0
68     (167)    2           7.3057 (  0.9995) /_ -120.0
68     (168)    3           7.3057 (  0.9995) /_  120.0
------------
69     (331)    1           7.3053 (  0.9995) /_    0.0
69     (332)    2           7.3053 (  0.9995) /_ -120.0
69     (333)    3           7.3053 (  0.9995) /_  120.0

ELEMENT = "Line.L43"
69     (331)    1           7.3053 (  0.9995) /_    0.0
69     (332)    2           7.3053 (  0.9995) /_ -120.0
69     (333)    3           7.3053 (  0.9995) /_  120.0
------------
70     (172)    1           7.3052 (  0.9994) /_    0.0
70     (173)    2           7.3052 (  0.9994) /_ -120.0
70     (174)    3           7.3052 (  0.9994) /_  120.0

ELEMENT = "Line.L44"
70     (172)    1           7.3052 (  0.9994) /_    0.0
70     (173)    2           7.3052 (  0.9994) /_ -120.0
70     (174)    3           7.3052 (  0.9994) /_  120.0
------------
88     (334)    1           7.3052 (  0.9994) /_    0.0
88     (335)    2           7.3052 (  0.9994) /_ -120.0
88     (336)    3           7.3052 (  0.9994) /_  120.0

ELEMENT = "Line.L45"
88     (334)    1           7.3052 (  0.9994) /_    0.0
88     (335)    2           7.3052 (  0.9994) /_ -120.0
88     (336)    3           7.3052 (  0.9994) /_  120.0
------------
89     (178)    1            7.305 (  0.9994) /_    0.0
89     (179)    2            7.305 (  0.9994) /_ -120.0
89     (180)    3            7.305 (  0.9994) /_  120.0

ELEMENT = "Line.L46"
89     (178)    1            7.305 (  0.9994) /_    0.0
89     (179)    2            7.305 (  0.9994) /_ -120.0
89     (180)    3            7.305 (  0.9994) /_  120.0
------------
90     (184)    1            7.305 (  0.9994) /_    0.0
90     (185)    2            7.305 (  0.9994) /_ -120.0
90     (186)    3            7.305 (  0.9994) /_  120.0

ELEMENT = "Line.L47"
3      (301)    1           7.3073 (  0.9997) /_    0.0
3      (302)    2           7.3073 (  0.9997) /_ -120.0
3      (303)    3           7.3073 (  0.9997) /_  120.0
------------
35     (337)    1           7.3071 (  0.9997) /_    0.0
35     (338)    2           7.3071 (  0.9997) /_ -120.0
35     (339)    3           7.3071 (  0.9997) /_  120.0

ELEMENT = "Line.L48"
35     (337)    1           7.3071 (  0.9997) /_    0.0
35     (338)    2           7.3071 (  0.9997) /_ -120.0
35     (339)    3           7.3071 (  0.9997) /_  120.0
------------
36     (190)    1            7.304 (  0.9993) /_    0.0
36     (191)    2            7.304 (  0.9993) /_ -120.0
36     (192)    3            7.304 (  0.9993) /_  120.0

ELEMENT = "Line.L49"
36     (190)    1            7.304 (  0.9993) /_    0.0
36     (191)    2            7.304 (  0.9993) /_ -120.0
36     (192)    3            7.304 (  0.9993) /_  120.0
------------
37     (196)    1           7.2943 (   0.998) /_    0.0
37     (197)    2           7.2943 (   0.998) /_ -120.0
37     (198)    3           7.2943 (   0.998) /_  120.0

ELEMENT = "Line.L50"
37     (196)    1           7.2943 (   0.998) /_    0.0
37     (197)    2           7.2943 (   0.998) /_ -120.0
37     (198)    3           7.2943 (   0.998) /_  120.0
------------
38     (202)    1           7.2927 (  0.9977) /_   -0.1
38     (203)    2           7.2927 (  0.9977) /_ -120.1
38     (204)    3           7.2927 (  0.9977) /_  119.9

ELEMENT = "Line.L51"
7      ( 16)    1           7.2288 (   0.989) /_    0.1
7      ( 17)    2           7.2288 (   0.989) /_ -119.9
7      ( 18)    3           7.2288 (   0.989) /_  120.1
------------
40     (208)    1           7.2287 (   0.989) /_    0.1
40     (209)    2           7.2287 (   0.989) /_ -119.9
40     (210)    3           7.2287 (   0.989) /_  120.1

ELEMENT = "Line.L52"
40     (208)    1           7.2287 (   0.989) /_    0.1
40     (209)    2           7.2287 (   0.989) /_ -119.9
40     (210)    3           7.2287 (   0.989) /_  120.1
------------
41     (214)    1           7.2286 (   0.989) /_    0.1
41     (215)    2           7.2286 (   0.989) /_ -119.9
41     (216)    3           7.2286 (   0.989) /_  120.1

ELEMENT = "Line.L53"
8      ( 22)    1           7.2245 (  0.9884) /_    0.1
8      ( 23)    2           7.2245 (  0.9884) /_ -119.9
8      ( 24)    3           7.2245 (  0.9884) /_  120.1
------------
42     (220)    1            7.213 (  0.9868) /_    0.1
42     (221)    2            7.213 (  0.9868) /_ -119.9
42     (222)    3            7.213 (  0.9868) /_  120.1

ELEMENT = "Line.L54"
42     (220)    1            7.213 (  0.9868) /_    0.1
42     (221)    2            7.213 (  0.9868) /_ -119.9
42     (222)    3            7.213 (  0.9868) /_  120.1
------------
43     (226)    1           7.1996 (   0.985) /_    0.1
43     (227)    2           7.1996 (   0.985) /_ -119.9
43     (228)    3           7.1996 (   0.985) /_  120.1

ELEMENT = "Line.L55"
43     (226)    1           7.1996 (   0.985) /_    0.1
43     (227)    2           7.1996 (   0.985) /_ -119.9
43     (228)    3           7.1996 (   0.985) /_  120.1
------------
44     (232)    1           7.1811 (  0.9825) /_    0.1
44     (233)    2           7.1811 (  0.9825) /_ -119.9
44     (234)    3           7.1811 (  0.9825) /_  120.1

ELEMENT = "Line.L56"
44     (232)    1           7.1811 (  0.9825) /_    0.1
44     (233)    2           7.1811 (  0.9825) /_ -119.9
44     (234)    3           7.1811 (  0.9825) /_  120.1
------------
45     (340)    1           7.1631 (    0.98) /_    0.2
45     (341)    2           7.1631 (    0.98) /_ -119.8
45     (342)    3           7.1631 (    0.98) /_  120.2

ELEMENT = "Line.L57"
45     (340)    1           7.1631 (    0.98) /_    0.2
45     (341)    2           7.1631 (    0.98) /_ -119.8
45     (342)    3           7.1631 (    0.98) /_  120.2
------------
46     (343)    1           7.0709 (  0.9674) /_    0.4
46     (344)    2           7.0709 (  0.9674) /_ -119.6
46     (345)    3           7.0709 (  0.9674) /_  120.4

ELEMENT = "Line.L58"
46     (343)    1           7.0709 (  0.9674) /_    0.4
46     (344)    2           7.0709 (  0.9674) /_ -119.6
46     (345)    3           7.0709 (  0.9674) /_  120.4
------------
47     (346)    1           7.0255 (  0.9612) /_    0.6
47     (347)    2           7.0255 (  0.9612) /_ -119.4
47     (348)    3           7.0255 (  0.9612) /_  120.6

ELEMENT = "Line.L59"
47     (346)    1           7.0255 (  0.9612) /_    0.6
47     (347)    2           7.0255 (  0.9612) /_ -119.4
47     (348)    3           7.0255 (  0.9612) /_  120.6
------------
48     (238)    1           7.0079 (  0.9588) /_    0.6
48     (239)    2           7.0079 (  0.9588) /_ -119.4
48     (240)    3           7.0079 (  0.9588) /_  120.6

ELEMENT = "Line.L60"
48     (238)    1           7.0079 (  0.9588) /_    0.6
48     (239)    2           7.0079 (  0.9588) /_ -119.4
48     (240)    3           7.0079 (  0.9588) /_  120.6
------------
49     (349)    1           6.9863 (  0.9558) /_    0.7
49     (350)    2           6.9863 (  0.9558) /_ -119.3
49     (351)    3           6.9863 (  0.9558) /_  120.7

ELEMENT = "Line.L61"
49     (349)    1           6.9863 (  0.9558) /_    0.7
49     (350)    2           6.9863 (  0.9558) /_ -119.3
49     (351)    3           6.9863 (  0.9558) /_  120.7
------------
50     (244)    1           6.9544 (  0.9514) /_    0.7
50     (245)    2           6.9544 (  0.9514) /_ -119.3
50     (246)    3           6.9544 (  0.9514) /_  120.7

ELEMENT = "Line.L62"
50     (244)    1           6.9544 (  0.9514) /_    0.7
50     (245)    2           6.9544 (  0.9514) /_ -119.3
50     (246)    3           6.9544 (  0.9514) /_  120.7
------------
51     (250)    1           6.9531 (  0.9513) /_    0.7
51     (251)    2           6.9531 (  0.9513) /_ -119.3
51     (252)    3           6.9531 (  0.9513) /_  120.7

ELEMENT = "Line.L63"
51     (250)    1           6.9531 (  0.9513) /_    0.7
51     (251)    2           6.9531 (  0.9513) /_ -119.3
51     (252)    3           6.9531 (  0.9513) /_  120.7
------------
52     (352)    1           6.9515 (   0.951) /_    0.7
52     (353)    2           6.9515 (   0.951) /_ -119.3
52     (354)    3           6.9515 (   0.951) /_  120.7

ELEMENT = "Line.L64"
52     (352)    1           6.9515 (   0.951) /_    0.7
52     (353)    2           6.9515 (   0.951) /_ -119.3
52     (354)    3           6.9515 (   0.951) /_  120.7
------------
53     (256)    1           6.9433 (  0.9499) /_    0.7
53     (257)    2           6.9433 (  0.9499) /_ -119.3
53     (258)    3           6.9433 (  0.9499) /_  120.7

ELEMENT = "Line.L65"
53     (256)    1           6.9433 (  0.9499) /_    0.7
53     (257)    2           6.9433 (  0.9499) /_ -119.3
53     (258)    3           6.9433 (  0.9499) /_  120.7
------------
54     (262)    1           6.9408 (  0.9496) /_    0.7
54     (263)    2           6.9408 (  0.9496) /_ -119.3
54     (264)    3           6.9408 (  0.9496) /_  120.7

ELEMENT = "Line.L66"
10     ( 34)    1           7.2074 (  0.9861) /_    0.1
10     ( 35)    2           7.2074 (  0.9861) /_ -119.9
10     ( 36)    3           7.2074 (  0.9861) /_  120.1
------------
55     (268)    1           7.2072 (   0.986) /_    0.1
55     (269)    2           7.2072 (   0.986) /_ -119.9
55     (270)    3           7.2072 (   0.986) /_  120.1

ELEMENT = "Line.L67"
55     (268)    1           7.2072 (   0.986) /_    0.1
55     (269)    2           7.2072 (   0.986) /_ -119.9
55     (270)    3           7.2072 (   0.986) /_  120.1
------------
56     (274)    1           7.2072 (   0.986) /_    0.1
56     (275)    2           7.2072 (   0.986) /_ -119.9
56     (276)    3           7.2072 (   0.986) /_  120.1

ELEMENT = "Line.L68"
11     ( 40)    1           7.1986 (  0.9849) /_    0.2
11     ( 41)    2           7.1986 (  0.9849) /_ -119.8
11     ( 42)    3           7.1986 (  0.9849) /_  120.2
------------
57     (280)    1           7.1976 (  0.9847) /_    0.2
57     (281)    2           7.1976 (  0.9847) /_ -119.8
57     (282)    3           7.1976 (  0.9847) /_  120.2

ELEMENT = "Line.L69"
57     (280)    1           7.1976 (  0.9847) /_    0.2
57     (281)    2           7.1976 (  0.9847) /_ -119.8
57     (282)    3           7.1976 (  0.9847) /_  120.2
------------
58     (286)    1           7.1976 (  0.9847) /_    0.2
58     (287)    2           7.1976 (  0.9847) /_ -119.8
58     (288)    3           7.1976 (  0.9847) /_  120.2

= = = = = = = = = = = = = = = = = = =  = = = = = = = = = = =  = =

Power Conversion Elements

Bus   (node ref)  Phase    Magnitude, kV (pu)    Angle

ELEMENT = "Load.5BT"
5BT    (  7)    1          0.12633 (  0.9946) /_  -30.0
5BT    (  8)    2          0.12633 (  0.9946) /_ -150.0
5BT    (  9)    3          0.12633 (  0.9946) /_   90.0

ELEMENT = "Load.6BT"
6BT    ( 13)    1          0.12539 (  0.9872) /_  -30.1
6BT    ( 14)    2          0.12539 (  0.9872) /_ -150.1
6BT    ( 15)    3          0.12539 (  0.9872) /_   89.9

ELEMENT = "Load.7BT"
7BT    ( 19)    1          0.12536 (  0.9869) /_  -30.1
7BT    ( 20)    2          0.12536 (  0.9869) /_ -150.1
7BT    ( 21)    3          0.12536 (  0.9869) /_   89.9

ELEMENT = "Load.8BT"
8BT    ( 25)    1          0.12528 (  0.9863) /_  -30.1
8BT    ( 26)    2          0.12528 (  0.9863) /_ -150.1
8BT    ( 27)    3          0.12528 (  0.9863) /_   89.9

ELEMENT = "Load.9BT"
9BT    ( 31)    1          0.12505 (  0.9845) /_  -30.0
9BT    ( 32)    2          0.12505 (  0.9845) /_ -150.0
9BT    ( 33)    3          0.12505 (  0.9845) /_   90.0

ELEMENT = "Load.10BT"
10BT   ( 37)    1          0.12473 (   0.982) /_  -30.2
10BT   ( 38)    2          0.12473 (   0.982) /_ -150.2
10BT   ( 39)    3          0.12473 (   0.982) /_   89.8

ELEMENT = "Load.11BT"
11BT   ( 43)    1          0.12458 (  0.9808) /_  -30.1
11BT   ( 44)    2          0.12458 (  0.9808) /_ -150.1
11BT   ( 45)    3          0.12458 (  0.9808) /_   89.9

ELEMENT = "Load.12BT"
12BT   ( 49)    1          0.12489 (  0.9832) /_  -29.9
12BT   ( 50)    2          0.12489 (  0.9832) /_ -149.9
12BT   ( 51)    3          0.12489 (  0.9832) /_   90.1

ELEMENT = "Load.13BT"
13BT   ( 55)    1          0.12475 (  0.9822) /_  -29.8
13BT   ( 56)    2          0.12475 (  0.9822) /_ -149.8
13BT   ( 57)    3          0.12475 (  0.9822) /_   90.2

ELEMENT = "Load.15BT"
15BT   ( 61)    1          0.12428 (  0.9784) /_  -30.0
15BT   ( 62)    2          0.12428 (  0.9784) /_ -150.0
15BT   ( 63)    3          0.12428 (  0.9784) /_   90.0

ELEMENT = "Load.16BT"
16BT   ( 67)    1          0.12418 (  0.9776) /_  -30.0
16BT   ( 68)    2          0.12418 (  0.9776) /_ -150.0
16BT   ( 69)    3          0.12418 (  0.9776) /_   90.0

ELEMENT = "Load.17BT"
17BT   ( 73)    1          0.12418 (  0.9776) /_  -30.0
17BT   ( 74)    2          0.12418 (  0.9776) /_ -150.0
17BT   ( 75)    3          0.12418 (  0.9776) /_   90.0

ELEMENT = "Load.19BT"
19BT   ( 79)    1          0.12457 (  0.9807) /_  -29.8
19BT   ( 80)    2          0.12457 (  0.9807) /_ -149.8
19BT   ( 81)    3          0.12457 (  0.9807) /_   90.2

ELEMENT = "Load.20BT"
20BT   ( 85)    1          0.12415 (  0.9774) /_  -30.0
20BT   ( 86)    2          0.12415 (  0.9774) /_ -150.0
20BT   ( 87)    3          0.12415 (  0.9774) /_   90.0

ELEMENT = "Load.21BT"
21BT   ( 91)    1          0.12451 (  0.9803) /_  -29.8
21BT   ( 92)    2          0.12451 (  0.9803) /_ -149.8
21BT   ( 93)    3          0.12451 (  0.9803) /_   90.2

ELEMENT = "Load.23BT"
23BT   ( 97)    1          0.12429 (  0.9786) /_  -29.9
23BT   ( 98)    2          0.12429 (  0.9786) /_ -149.9
23BT   ( 99)    3          0.12429 (  0.9786) /_   90.1

ELEMENT = "Load.25BT"
25BT   (103)    1          0.12441 (  0.9794) /_  -29.8
25BT   (104)    2          0.12441 (  0.9794) /_ -149.8
25BT   (105)    3          0.12441 (  0.9794) /_   90.2

ELEMENT = "Load.26BT"
26BT   (109)    1          0.12441 (  0.9794) /_  -29.8
26BT   (110)    2          0.12441 (  0.9794) /_ -149.8
26BT   (111)    3          0.12441 (  0.9794) /_   90.2

ELEMENT = "Load.27BT"
27BT   (115)    1          0.25358 (  0.9982) /_  -30.1
27BT   (116)    2          0.25358 (  0.9982) /_ -150.1
27BT   (117)    3          0.25358 (  0.9982) /_   89.9

ELEMENT = "Load.28BT"
28BT   (121)    1          0.25358 (  0.9982) /_  -30.1
28BT   (122)    2          0.25358 (  0.9982) /_ -150.1
28BT   (123)    3          0.25358 (  0.9982) /_   89.9

ELEMENT = "Load.32BT"
32BT   (127)    1          0.25372 (  0.9988) /_  -30.1
32BT   (128)    2          0.25372 (  0.9988) /_ -150.1
32BT   (129)    3          0.25372 (  0.9988) /_   89.9

ELEMENT = "Load.33BT"
33BT   (133)    1          0.25361 (  0.9983) /_  -30.1
33BT   (134)    2          0.25361 (  0.9983) /_ -150.1
33BT   (135)    3          0.25361 (  0.9983) /_   89.9

ELEMENT = "Load.34BT"
34BT   (139)    1          0.25381 (  0.9991) /_  -30.0
34BT   (140)    2          0.25381 (  0.9991) /_ -150.0
34BT   (141)    3          0.25381 (  0.9991) /_   90.0

ELEMENT = "Load.27EBT"
27EBT  (145)    1          0.25358 (  0.9982) /_  -30.1
27EBT  (146)    2          0.25358 (  0.9982) /_ -150.1
27EBT  (147)    3          0.25358 (  0.9982) /_   89.9

ELEMENT = "Load.28EBT"
28EBT  (151)    1          0.25357 (  0.9982) /_  -30.1
28EBT  (152)    2          0.25357 (  0.9982) /_ -150.1
28EBT  (153)    3          0.25357 (  0.9982) /_   89.9

ELEMENT = "Load.66BT"
66BT   (157)    1          0.25359 (  0.9982) /_  -30.1
66BT   (158)    2          0.25359 (  0.9982) /_ -150.1
66BT   (159)    3          0.25359 (  0.9982) /_   89.9

ELEMENT = "Load.67BT"
67BT   (163)    1          0.25359 (  0.9982) /_  -30.1
67BT   (164)    2          0.25359 (  0.9982) /_ -150.1
67BT   (165)    3          0.25359 (  0.9982) /_   89.9

ELEMENT = "Load.68BT"
68BT   (169)    1          0.25389 (  0.9994) /_  -30.0
68BT   (170)    2          0.25389 (  0.9994) /_ -150.0
68BT   (171)    3          0.25389 (  0.9994) /_   90.0

ELEMENT = "Load.70BT"
70BT   (175)    1           0.2538 (  0.9991) /_  -30.0
70BT   (176)    2           0.2538 (  0.9991) /_ -150.0
70BT   (177)    3           0.2538 (  0.9991) /_   90.0

ELEMENT = "Load.89BT"
89BT   (181)    1          0.25336 (  0.9973) /_  -30.0
89BT   (182)    2          0.25336 (  0.9973) /_ -150.0
89BT   (183)    3          0.25336 (  0.9973) /_   90.0

ELEMENT = "Load.90BT"
90BT   (187)    1          0.25336 (  0.9973) /_  -30.0
90BT   (188)    2          0.25336 (  0.9973) /_ -150.0
90BT   (189)    3          0.25336 (  0.9973) /_   90.0

ELEMENT = "Load.36BT"
36BT   (193)    1          0.12665 (  0.9971) /_  -30.2
36BT   (194)    2          0.12665 (  0.9971) /_ -150.2
36BT   (195)    3          0.12665 (  0.9971) /_   89.8

ELEMENT = "Load.37BT"
37BT   (199)    1          0.12634 (  0.9946) /_  -30.1
37BT   (200)    2          0.12634 (  0.9946) /_ -150.1
37BT   (201)    3          0.12634 (  0.9946) /_   89.9

ELEMENT = "Load.38BT"
38BT   (205)    1          0.12628 (  0.9942) /_  -30.3
38BT   (206)    2          0.12628 (  0.9942) /_ -150.3
38BT   (207)    3          0.12628 (  0.9942) /_   89.7

ELEMENT = "Load.40BT"
40BT   (211)    1          0.12527 (  0.9862) /_  -30.1
40BT   (212)    2          0.12527 (  0.9862) /_ -150.1
40BT   (213)    3          0.12527 (  0.9862) /_   89.9

ELEMENT = "Load.41BT"
41BT   (217)    1          0.12558 (  0.9887) /_  -29.9
41BT   (218)    2          0.12558 (  0.9887) /_ -149.9
41BT   (219)    3          0.12558 (  0.9887) /_   90.1

ELEMENT = "Load.42BT"
42BT   (223)    1          0.25056 (  0.9863) /_  -29.9
42BT   (224)    2          0.25056 (  0.9863) /_ -149.9
42BT   (225)    3          0.25056 (  0.9863) /_   90.1

ELEMENT = "Load.43BT"
43BT   (229)    1          0.24951 (  0.9822) /_  -30.1
43BT   (230)    2          0.24951 (  0.9822) /_ -150.1
43BT   (231)    3          0.24951 (  0.9822) /_   89.9

ELEMENT = "Load.44BT"
44BT   (235)    1          0.24893 (  0.9799) /_  -30.0
44BT   (236)    2          0.24893 (  0.9799) /_ -150.0
44BT   (237)    3          0.24893 (  0.9799) /_   90.0

ELEMENT = "Load.48BT"
48BT   (241)    1          0.24093 (  0.9484) /_  -29.4
48BT   (242)    2          0.24093 (  0.9484) /_ -149.4
48BT   (243)    3          0.24093 (  0.9484) /_   90.6

ELEMENT = "Load.50BT"
50BT   (247)    1           0.2403 (   0.946) /_  -29.7
50BT   (248)    2           0.2403 (   0.946) /_ -149.7
50BT   (249)    3           0.2403 (   0.946) /_   90.3

ELEMENT = "Load.51BT"
51BT   (253)    1          0.24076 (  0.9478) /_  -29.6
51BT   (254)    2          0.24076 (  0.9478) /_ -149.6
51BT   (255)    3          0.24076 (  0.9478) /_   90.4

ELEMENT = "Load.53BT"
53BT   (259)    1          0.24047 (  0.9466) /_  -29.5
53BT   (260)    2          0.24047 (  0.9466) /_ -149.5
53BT   (261)    3          0.24047 (  0.9466) /_   90.5

ELEMENT = "Load.54BT"
54BT   (265)    1          0.23958 (  0.9431) /_  -29.8
54BT   (266)    2          0.23958 (  0.9431) /_ -149.8
54BT   (267)    3          0.23958 (  0.9431) /_   90.2

ELEMENT = "Load.55BT"
55BT   (271)    1          0.12509 (  0.9848) /_  -30.0
55BT   (272)    2          0.12509 (  0.9848) /_ -150.0
55BT   (273)    3          0.12509 (  0.9848) /_   90.0

ELEMENT = "Load.56BT"
56BT   (277)    1          0.12509 (  0.9848) /_  -30.0
56BT   (278)    2          0.12509 (  0.9848) /_ -150.0
56BT   (279)    3          0.12509 (  0.9848) /_   90.0

ELEMENT = "Load.57BT"
57BT   (283)    1          0.12483 (  0.9828) /_  -30.0
57BT   (284)    2          0.12483 (  0.9828) /_ -150.0
57BT   (285)    3          0.12483 (  0.9828) /_   90.0

ELEMENT = "Load.58BT"
58BT   (289)    1          0.12483 (  0.9828) /_  -30.0
58BT   (290)    2          0.12483 (  0.9828) /_ -150.0
58BT   (291)    3          0.12483 (  0.9828) /_   90.0

