
NODE-GROUND VOLTAGES BY CIRCUIT ELEMENT

Power Delivery Elements

Bus   (node ref)  Phase    Magnitude, kV (pu)    Angle

ELEMENT = "Vsource.SOURCE"
0      (  1)    1           7.5921 (   1.039) /_   -0.6
0      (  2)    2           7.5921 (   1.039) /_ -120.6
0      (  3)    3           7.5921 (   1.039) /_  119.4
------------
0      (  0)    0                0 (       0) /_    0.0
0      (  0)    0                0 (       0) /_    0.0
0      (  0)    0                0 (       0) /_    0.0

ELEMENT = "Transformer.TRAFO_5"
5      (  4)    1            7.557 (   1.034) /_   -0.5
5      (  5)    2            7.557 (   1.034) /_ -120.5
5      (  6)    3            7.557 (   1.034) /_  119.5
5      (  0)    0                0 (       0) /_    0.0
------------
5BT    (  7)    1           0.1313 (   1.034) /_  -30.5
5BT    (  8)    2           0.1313 (   1.034) /_ -150.5
5BT    (  9)    3           0.1313 (   1.034) /_   89.5
5BT    (  0)    0                0 (       0) /_    0.0

ELEMENT = "Transformer.TRAFO_6"
6      ( 10)    1           7.5241 (   1.029) /_   -0.5
6      ( 11)    2           7.5241 (   1.029) /_ -120.5
6      ( 12)    3           7.5241 (   1.029) /_  119.5
6      (  0)    0                0 (       0) /_    0.0
------------
6BT    ( 13)    1           0.1304 (   1.027) /_  -30.7
6BT    ( 14)    2           0.1304 (   1.027) /_ -150.7
6BT    ( 15)    3           0.1304 (   1.027) /_   89.3
6BT    (  0)    0                0 (       0) /_    0.0

ELEMENT = "Transformer.TRAFO_7"
7      ( 16)    1           7.5162 (   1.028) /_   -0.5
7      ( 17)    2           7.5162 (   1.028) /_ -120.5
7      ( 18)    3           7.5162 (   1.028) /_  119.5
7      (  0)    0                0 (       0) /_    0.0
------------
7BT    ( 19)    1          0.13036 (   1.026) /_  -30.6
7BT    ( 20)    2          0.13036 (   1.026) /_ -150.6
7BT    ( 21)    3          0.13036 (   1.026) /_   89.4
7BT    (  0)    0                0 (       0) /_    0.0

ELEMENT = "Transformer.TRAFO_8"
8      ( 22)    1           7.5122 (   1.028) /_   -0.5
8      ( 23)    2           7.5122 (   1.028) /_ -120.5
8      ( 24)    3           7.5122 (   1.028) /_  119.5
8      (  0)    0                0 (       0) /_    0.0
------------
8BT    ( 25)    1          0.13029 (   1.026) /_  -30.6
8BT    ( 26)    2          0.13029 (   1.026) /_ -150.6
8BT    ( 27)    3          0.13029 (   1.026) /_   89.4
8BT    (  0)    0                0 (       0) /_    0.0

ELEMENT = "Transformer.TRAFO_9"
9      ( 28)    1           7.4987 (   1.026) /_   -0.4
9      ( 29)    2           7.4987 (   1.026) /_ -120.4
9      ( 30)    3           7.4987 (   1.026) /_  119.6
9      (  0)    0                0 (       0) /_    0.0
------------
9BT    ( 31)    1          0.13007 (   1.024) /_  -30.6
9BT    ( 32)    2          0.13007 (   1.024) /_ -150.6
9BT    ( 33)    3          0.13007 (   1.024) /_   89.4
9BT    (  0)    0                0 (       0) /_    0.0

ELEMENT = "Transformer.TRAFO_10"
10     ( 34)    1           7.4957 (   1.026) /_   -0.4
10     ( 35)    2           7.4957 (   1.026) /_ -120.4
10     ( 36)    3           7.4957 (   1.026) /_  119.6
10     (  0)    0                0 (       0) /_    0.0
------------
10BT   ( 37)    1          0.12976 (   1.022) /_  -30.7
10BT   ( 38)    2          0.12976 (   1.022) /_ -150.7
10BT   ( 39)    3          0.12976 (   1.022) /_   89.3
10BT   (  0)    0                0 (       0) /_    0.0

ELEMENT = "Transformer.TRAFO_11"
11     ( 40)    1           7.4872 (   1.024) /_   -0.4
11     ( 41)    2           7.4872 (   1.024) /_ -120.4
11     ( 42)    3           7.4872 (   1.024) /_  119.6
11     (  0)    0                0 (       0) /_    0.0
------------
11BT   ( 43)    1          0.12962 (    1.02) /_  -30.7
11BT   ( 44)    2          0.12962 (    1.02) /_ -150.7
11BT   ( 45)    3          0.12962 (    1.02) /_   89.3
11BT   (  0)    0                0 (       0) /_    0.0

ELEMENT = "Transformer.TRAFO_12"
12     ( 46)    1           7.4796 (   1.023) /_   -0.4
12     ( 47)    2           7.4796 (   1.023) /_ -120.4
12     ( 48)    3           7.4796 (   1.023) /_  119.6
12     (  0)    0                0 (       0) /_    0.0
------------
12BT   ( 49)    1          0.12991 (   1.023) /_  -30.4
12BT   ( 50)    2          0.12991 (   1.023) /_ -150.4
12BT   ( 51)    3          0.12991 (   1.023) /_   89.6
12BT   (  0)    0                0 (       0) /_    0.0

ELEMENT = "Transformer.TRAFO_13"
13     ( 52)    1            7.472 (   1.022) /_   -0.4
13     ( 53)    2            7.472 (   1.022) /_ -120.4
13     ( 54)    3            7.472 (   1.022) /_  119.6
13     (  0)    0                0 (       0) /_    0.0
------------
13BT   ( 55)    1          0.12978 (   1.022) /_  -30.4
13BT   ( 56)    2          0.12978 (   1.022) /_ -150.4
13BT   ( 57)    3          0.12978 (   1.022) /_   89.6
13BT   (  0)    0                0 (       0) /_    0.0

ELEMENT = "Transformer.TRAFO_15"
15     ( 58)    1           7.4631 (   1.021) /_   -0.4
15     ( 59)    2           7.4631 (   1.021) /_ -120.4
15     ( 60)    3           7.4631 (   1.021) /_  119.6
15     (  0)    0                0 (       0) /_    0.0
------------
15BT   ( 61)    1          0.12932 (   1.018) /_  -30.6
15BT   ( 62)    2          0.12932 (   1.018) /_ -150.6
15BT   ( 63)    3          0.12932 (   1.018) /_   89.4
15BT   (  0)    0                0 (       0) /_    0.0

ELEMENT = "Transformer.TRAFO_16"
16     ( 64)    1           7.4608 (   1.021) /_   -0.4
16     ( 65)    2           7.4608 (   1.021) /_ -120.4
16     ( 66)    3           7.4608 (   1.021) /_  119.6
16     (  0)    0                0 (       0) /_    0.0
------------
16BT   ( 67)    1          0.12923 (   1.017) /_  -30.6
16BT   ( 68)    2          0.12923 (   1.017) /_ -150.6
16BT   ( 69)    3          0.12923 (   1.017) /_   89.4
16BT   (  0)    0                0 (       0) /_    0.0

ELEMENT = "Transformer.TRAFO_17"
17     ( 70)    1           7.4608 (   1.021) /_   -0.4
17     ( 71)    2           7.4608 (   1.021) /_ -120.4
17     ( 72)    3           7.4608 (   1.021) /_  119.6
17     (  0)    0                0 (       0) /_    0.0
------------
17BT   ( 73)    1          0.12923 (   1.017) /_  -30.6
17BT   ( 74)    2          0.12923 (   1.017) /_ -150.6
17BT   ( 75)    3          0.12923 (   1.017) /_   89.4
17BT   (  0)    0                0 (       0) /_    0.0

ELEMENT = "Transformer.TRAFO_19"
19     ( 76)    1           7.4587 (    1.02) /_   -0.3
19     ( 77)    2           7.4587 (    1.02) /_ -120.3
19     ( 78)    3           7.4587 (    1.02) /_  119.7
19     (  0)    0                0 (       0) /_    0.0
------------
19BT   ( 79)    1          0.12961 (    1.02) /_  -30.4
19BT   ( 80)    2          0.12961 (    1.02) /_ -150.4
19BT   ( 81)    3          0.12961 (    1.02) /_   89.6
19BT   (  0)    0                0 (       0) /_    0.0

ELEMENT = "Transformer.TRAFO_20"
20     ( 82)    1           7.4574 (    1.02) /_   -0.3
20     ( 83)    2           7.4574 (    1.02) /_ -120.3
20     ( 84)    3           7.4574 (    1.02) /_  119.7
20     (  0)    0                0 (       0) /_    0.0
------------
20BT   ( 85)    1           0.1292 (   1.017) /_  -30.6
20BT   ( 86)    2           0.1292 (   1.017) /_ -150.6
20BT   ( 87)    3           0.1292 (   1.017) /_   89.4
20BT   (  0)    0                0 (       0) /_    0.0

ELEMENT = "Transformer.TRAFO_21"
21     ( 88)    1           7.4573 (    1.02) /_   -0.3
21     ( 89)    2           7.4573 (    1.02) /_ -120.3
21     ( 90)    3           7.4573 (    1.02) /_  119.7
21     (  0)    0                0 (       0) /_    0.0
------------
21BT   ( 91)    1          0.12955 (    1.02) /_  -30.4
21BT   ( 92)    2          0.12955 (    1.02) /_ -150.4
21BT   ( 93)    3          0.12955 (    1.02) /_   89.6
21BT   (  0)    0                0 (       0) /_    0.0

ELEMENT = "Transformer.TRAFO_23"
23     ( 94)    1           7.4567 (    1.02) /_   -0.3
23     ( 95)    2           7.4567 (    1.02) /_ -120.3
23     ( 96)    3           7.4567 (    1.02) /_  119.7
23     (  0)    0                0 (       0) /_    0.0
------------
23BT   ( 97)    1          0.12934 (   1.018) /_  -30.5
23BT   ( 98)    2          0.12934 (   1.018) /_ -150.5
23BT   ( 99)    3          0.12934 (   1.018) /_   89.5
23BT   (  0)    0                0 (       0) /_    0.0

ELEMENT = "Transformer.TRAFO_25"
25     (100)    1           7.4561 (    1.02) /_   -0.3
25     (101)    2           7.4561 (    1.02) /_ -120.3
25     (102)    3           7.4561 (    1.02) /_  119.7
25     (  0)    0                0 (       0) /_    0.0
------------
25BT   (103)    1          0.12945 (   1.019) /_  -30.4
25BT   (104)    2          0.12945 (   1.019) /_ -150.4
25BT   (105)    3          0.12945 (   1.019) /_   89.6
25BT   (  0)    0                0 (       0) /_    0.0

ELEMENT = "Transformer.TRAFO_26"
26     (106)    1            7.456 (    1.02) /_   -0.3
26     (107)    2            7.456 (    1.02) /_ -120.3
26     (108)    3            7.456 (    1.02) /_  119.7
26     (  0)    0                0 (       0) /_    0.0
------------
26BT   (109)    1          0.12945 (   1.019) /_  -30.4
26BT   (110)    2          0.12945 (   1.019) /_ -150.4
26BT   (111)    3          0.12945 (   1.019) /_   89.6
26BT   (  0)    0                0 (       0) /_    0.0

ELEMENT = "Transformer.TRAFO_27"
27     (112)    1           7.5919 (   1.039) /_   -0.6
27     (113)    2           7.5919 (   1.039) /_ -120.6
27     (114)    3           7.5919 (   1.039) /_  119.4
27     (  0)    0                0 (       0) /_    0.0
------------
27BT   (115)    1          0.26348 (   1.037) /_  -30.7
27BT   (116)    2          0.26348 (   1.037) /_ -150.7
27BT   (117)    3          0.26348 (   1.037) /_   89.3
27BT   (  0)    0                0 (       0) /_    0.0

ELEMENT = "Transformer.TRAFO_28"
28     (118)    1           7.5917 (   1.039) /_   -0.6
28     (119)    2           7.5917 (   1.039) /_ -120.6
28     (120)    3           7.5917 (   1.039) /_  119.4
28     (  0)    0                0 (       0) /_    0.0
------------
28BT   (121)    1          0.26347 (   1.037) /_  -30.7
28BT   (122)    2          0.26347 (   1.037) /_ -150.7
28BT   (123)    3          0.26347 (   1.037) /_   89.3
28BT   (  0)    0                0 (       0) /_    0.0

ELEMENT = "Transformer.TRAFO_32"
32     (124)    1           7.5904 (   1.038) /_   -0.6
32     (125)    2           7.5904 (   1.038) /_ -120.6
32     (126)    3           7.5904 (   1.038) /_  119.4
32     (  0)    0                0 (       0) /_    0.0
------------
32BT   (127)    1          0.26361 (   1.038) /_  -30.6
32BT   (128)    2          0.26361 (   1.038) /_ -150.6
32BT   (129)    3          0.26361 (   1.038) /_   89.4
32BT   (  0)    0                0 (       0) /_    0.0

ELEMENT = "Transformer.TRAFO_33"
33     (130)    1           7.5896 (   1.038) /_   -0.6
33     (131)    2           7.5896 (   1.038) /_ -120.6
33     (132)    3           7.5896 (   1.038) /_  119.4
33     (  0)    0                0 (       0) /_    0.0
------------
33BT   (133)    1           0.2635 (   1.037) /_  -30.6
33BT   (134)    2           0.2635 (   1.037) /_ -150.6
33BT   (135)    3           0.2635 (   1.037) /_   89.4
33BT   (  0)    0                0 (       0) /_    0.0

ELEMENT = "Transformer.TRAFO_34"
34     (136)    1           7.5895 (   1.038) /_   -0.6
34     (137)    2           7.5895 (   1.038) /_ -120.6
34     (138)    3           7.5895 (   1.038) /_  119.4
34     (  0)    0                0 (       0) /_    0.0
------------
34BT   (139)    1          0.26369 (   1.038) /_  -30.6
34BT   (140)    2          0.26369 (   1.038) /_ -150.6
34BT   (141)    3          0.26369 (   1.038) /_   89.4
34BT   (  0)    0                0 (       0) /_    0.0

ELEMENT = "Transformer.TRAFO_27E"
27E    (142)    1           7.5918 (   1.039) /_   -0.6
27E    (143)    2           7.5918 (   1.039) /_ -120.6
27E    (144)    3           7.5918 (   1.039) /_  119.4
27E    (  0)    0                0 (       0) /_    0.0
------------
27EBT  (145)    1          0.26348 (   1.037) /_  -30.7
27EBT  (146)    2          0.26348 (   1.037) /_ -150.7
27EBT  (147)    3          0.26348 (   1.037) /_   89.3
27EBT  (  0)    0                0 (       0) /_    0.0

ELEMENT = "Transformer.TRAFO_28E"
28E    (148)    1           7.5915 (   1.039) /_   -0.6
28E    (149)    2           7.5915 (   1.039) /_ -120.6
28E    (150)    3           7.5915 (   1.039) /_  119.4
28E    (  0)    0                0 (       0) /_    0.0
------------
28EBT  (151)    1          0.26346 (   1.037) /_  -30.7
28EBT  (152)    2          0.26346 (   1.037) /_ -150.7
28EBT  (153)    3          0.26346 (   1.037) /_   89.3
28EBT  (  0)    0                0 (       0) /_    0.0

ELEMENT = "Transformer.TRAFO_66"
66     (154)    1           7.5911 (   1.039) /_   -0.6
66     (155)    2           7.5911 (   1.039) /_ -120.6
66     (156)    3           7.5911 (   1.039) /_  119.4
66     (  0)    0                0 (       0) /_    0.0
------------
66BT   (157)    1          0.26348 (   1.037) /_  -30.7
66BT   (158)    2          0.26348 (   1.037) /_ -150.7
66BT   (159)    3          0.26348 (   1.037) /_   89.3
66BT   (  0)    0                0 (       0) /_    0.0

ELEMENT = "Transformer.TRAFO_67"
67     (160)    1           7.5911 (   1.039) /_   -0.6
67     (161)    2           7.5911 (   1.039) /_ -120.6
67     (162)    3           7.5911 (   1.039) /_  119.4
67     (  0)    0                0 (       0) /_    0.0
------------
67BT   (163)    1          0.26348 (   1.037) /_  -30.7
67BT   (164)    2          0.26348 (   1.037) /_ -150.7
67BT   (165)    3          0.26348 (   1.037) /_   89.3
67BT   (  0)    0                0 (       0) /_    0.0

ELEMENT = "Transformer.TRAFO_68"
68     (166)    1             7.59 (   1.038) /_   -0.6
68     (167)    2             7.59 (   1.038) /_ -120.6
68     (168)    3             7.59 (   1.038) /_  119.4
68     (  0)    0                0 (       0) /_    0.0
------------
68BT   (169)    1          0.26377 (   1.038) /_  -30.6
68BT   (170)    2          0.26377 (   1.038) /_ -150.6
68BT   (171)    3          0.26377 (   1.038) /_   89.4
68BT   (  0)    0                0 (       0) /_    0.0

ELEMENT = "Transformer.TRAFO_70"
70     (172)    1           7.5895 (   1.038) /_   -0.6
70     (173)    2           7.5895 (   1.038) /_ -120.6
70     (174)    3           7.5895 (   1.038) /_  119.4
70     (  0)    0                0 (       0) /_    0.0
------------
70BT   (175)    1          0.26369 (   1.038) /_  -30.6
70BT   (176)    2          0.26369 (   1.038) /_ -150.6
70BT   (177)    3          0.26369 (   1.038) /_   89.4
70BT   (  0)    0                0 (       0) /_    0.0

ELEMENT = "Transformer.TRAFO_89"
89     (178)    1           7.5894 (   1.038) /_   -0.6
89     (179)    2           7.5894 (   1.038) /_ -120.6
89     (180)    3           7.5894 (   1.038) /_  119.4
89     (  0)    0                0 (       0) /_    0.0
------------
89BT   (181)    1          0.26326 (   1.036) /_  -30.6
89BT   (182)    2          0.26326 (   1.036) /_ -150.6
89BT   (183)    3          0.26326 (   1.036) /_   89.4
89BT   (  0)    0                0 (       0) /_    0.0

ELEMENT = "Transformer.TRAFO_90"
90     (184)    1           7.5894 (   1.038) /_   -0.6
90     (185)    2           7.5894 (   1.038) /_ -120.6
90     (186)    3           7.5894 (   1.038) /_  119.4
90     (  0)    0                0 (       0) /_    0.0
------------
90BT   (187)    1          0.26326 (   1.036) /_  -30.6
90BT   (188)    2          0.26326 (   1.036) /_ -150.6
90BT   (189)    3          0.26326 (   1.036) /_   89.4
90BT   (  0)    0                0 (       0) /_    0.0

ELEMENT = "Transformer.TRAFO_36"
36     (190)    1           7.5884 (   1.038) /_   -0.6
36     (191)    2           7.5884 (   1.038) /_ -120.6
36     (192)    3           7.5884 (   1.038) /_  119.4
36     (  0)    0                0 (       0) /_    0.0
------------
36BT   (193)    1           0.1316 (   1.036) /_  -30.7
36BT   (194)    2           0.1316 (   1.036) /_ -150.7
36BT   (195)    3           0.1316 (   1.036) /_   89.3
36BT   (  0)    0                0 (       0) /_    0.0

ELEMENT = "Transformer.TRAFO_37"
37     (196)    1           7.5791 (   1.037) /_   -0.6
37     (197)    2           7.5791 (   1.037) /_ -120.6
37     (198)    3           7.5791 (   1.037) /_  119.4
37     (  0)    0                0 (       0) /_    0.0
------------
37BT   (199)    1           0.1313 (   1.034) /_  -30.6
37BT   (200)    2           0.1313 (   1.034) /_ -150.6
37BT   (201)    3           0.1313 (   1.034) /_   89.4
37BT   (  0)    0                0 (       0) /_    0.0

ELEMENT = "Transformer.TRAFO_38"
38     (202)    1           7.5776 (   1.037) /_   -0.6
38     (203)    2           7.5776 (   1.037) /_ -120.6
38     (204)    3           7.5776 (   1.037) /_  119.4
38     (  0)    0                0 (       0) /_    0.0
------------
38BT   (205)    1          0.13125 (   1.033) /_  -30.8
38BT   (206)    2          0.13125 (   1.033) /_ -150.8
38BT   (207)    3          0.13125 (   1.033) /_   89.2
38BT   (  0)    0                0 (       0) /_    0.0

ELEMENT = "Transformer.TRAFO_40"
40     (208)    1           7.5161 (   1.028) /_   -0.5
40     (209)    2           7.5161 (   1.028) /_ -120.5
40     (210)    3           7.5161 (   1.028) /_  119.5
40     (  0)    0                0 (       0) /_    0.0
------------
40BT   (211)    1          0.13028 (   1.026) /_  -30.7
40BT   (212)    2          0.13028 (   1.026) /_ -150.7
40BT   (213)    3          0.13028 (   1.026) /_   89.3
40BT   (  0)    0                0 (       0) /_    0.0

ELEMENT = "Transformer.TRAFO_41"
41     (214)    1           7.5161 (   1.028) /_   -0.5
41     (215)    2           7.5161 (   1.028) /_ -120.5
41     (216)    3           7.5161 (   1.028) /_  119.5
41     (  0)    0                0 (       0) /_    0.0
------------
41BT   (217)    1          0.13058 (   1.028) /_  -30.5
41BT   (218)    2          0.13058 (   1.028) /_ -150.5
41BT   (219)    3          0.13058 (   1.028) /_   89.5
41BT   (  0)    0                0 (       0) /_    0.0

ELEMENT = "Transformer.TRAFO_42"
42     (220)    1           7.5011 (   1.026) /_   -0.5
42     (221)    2           7.5011 (   1.026) /_ -120.5
42     (222)    3           7.5011 (   1.026) /_  119.5
42     (  0)    0                0 (       0) /_    0.0
------------
42BT   (223)    1          0.26058 (   1.026) /_  -30.5
42BT   (224)    2          0.26058 (   1.026) /_ -150.5
42BT   (225)    3          0.26058 (   1.026) /_   89.5
42BT   (  0)    0                0 (       0) /_    0.0

ELEMENT = "Transformer.TRAFO_43"
43     (226)    1           7.4883 (   1.024) /_   -0.4
43     (227)    2           7.4883 (   1.024) /_ -120.4
43     (228)    3           7.4883 (   1.024) /_  119.6
43     (  0)    0                0 (       0) /_    0.0
------------
43BT   (229)    1          0.25957 (   1.022) /_  -30.6
43BT   (230)    2          0.25957 (   1.022) /_ -150.6
43BT   (231)    3          0.25957 (   1.022) /_   89.4
43BT   (  0)    0                0 (       0) /_    0.0

ELEMENT = "Transformer.TRAFO_44"
44     (232)    1           7.4706 (   1.022) /_   -0.4
44     (233)    2           7.4706 (   1.022) /_ -120.4
44     (234)    3           7.4706 (   1.022) /_  119.6
44     (  0)    0                0 (       0) /_    0.0
------------
44BT   (235)    1          0.25902 (    1.02) /_  -30.6
44BT   (236)    2          0.25902 (    1.02) /_ -150.6
44BT   (237)    3          0.25902 (    1.02) /_   89.4
44BT   (  0)    0                0 (       0) /_    0.0

ELEMENT = "Transformer.TRAFO_48"
48     (238)    1           7.3046 (  0.9994) /_    0.0
48     (239)    2           7.3046 (  0.9994) /_ -120.0
48     (240)    3           7.3046 (  0.9994) /_  120.0
48     (  0)    0                0 (       0) /_    0.0
------------
48BT   (241)    1          0.25135 (  0.9894) /_  -30.0
48BT   (242)    2          0.25135 (  0.9894) /_ -150.0
48BT   (243)    3          0.25135 (  0.9894) /_   90.0
48BT   (  0)    0                0 (       0) /_    0.0

ELEMENT = "Transformer.TRAFO_50"
50     (244)    1           7.2533 (  0.9923) /_    0.1
50     (245)    2           7.2533 (  0.9923) /_ -119.9
50     (246)    3           7.2533 (  0.9923) /_  120.1
50     (  0)    0                0 (       0) /_    0.0
------------
50BT   (247)    1          0.25075 (  0.9871) /_  -30.3
50BT   (248)    2          0.25075 (  0.9871) /_ -150.3
50BT   (249)    3          0.25075 (  0.9871) /_   89.7
50BT   (  0)    0                0 (       0) /_    0.0

ELEMENT = "Transformer.TRAFO_51"
51     (250)    1           7.2521 (  0.9922) /_    0.1
51     (251)    2           7.2521 (  0.9922) /_ -119.9
51     (252)    3           7.2521 (  0.9922) /_  120.1
51     (  0)    0                0 (       0) /_    0.0
------------
51BT   (253)    1          0.25119 (  0.9888) /_  -30.2
51BT   (254)    2          0.25119 (  0.9888) /_ -150.2
51BT   (255)    3          0.25119 (  0.9888) /_   89.8
51BT   (  0)    0                0 (       0) /_    0.0

ELEMENT = "Transformer.TRAFO_53"
53     (256)    1           7.2427 (  0.9909) /_    0.1
53     (257)    2           7.2427 (  0.9909) /_ -119.9
53     (258)    3           7.2427 (  0.9909) /_  120.1
53     (  0)    0                0 (       0) /_    0.0
------------
53BT   (259)    1          0.25091 (  0.9877) /_  -30.1
53BT   (260)    2          0.25091 (  0.9877) /_ -150.1
53BT   (261)    3          0.25091 (  0.9877) /_   89.9
53BT   (  0)    0                0 (       0) /_    0.0

ELEMENT = "Transformer.TRAFO_54"
54     (262)    1           7.2403 (  0.9906) /_    0.1
54     (263)    2           7.2403 (  0.9906) /_ -119.9
54     (264)    3           7.2403 (  0.9906) /_  120.1
54     (  0)    0                0 (       0) /_    0.0
------------
54BT   (265)    1          0.25006 (  0.9843) /_  -30.4
54BT   (266)    2          0.25006 (  0.9843) /_ -150.4
54BT   (267)    3          0.25006 (  0.9843) /_   89.6
54BT   (  0)    0                0 (       0) /_    0.0

ELEMENT = "Transformer.TRAFO_55"
55     (268)    1           7.4955 (   1.025) /_   -0.4
55     (269)    2           7.4955 (   1.025) /_ -120.4
55     (270)    3           7.4955 (   1.025) /_  119.6
55     (  0)    0                0 (       0) /_    0.0
------------
55BT   (271)    1           0.1301 (   1.024) /_  -30.5
55BT   (272)    2           0.1301 (   1.024) /_ -150.5
55BT   (273)    3           0.1301 (   1.024) /_   89.5
55BT   (  0)    0                0 (       0) /_    0.0

ELEMENT = "Transformer.TRAFO_56"
56     (274)    1           7.4955 (   1.025) /_   -0.4
56     (275)    2           7.4955 (   1.025) /_ -120.4
56     (276)    3           7.4955 (   1.025) /_  119.6
56     (  0)    0                0 (       0) /_    0.0
------------
56BT   (277)    1           0.1301 (   1.024) /_  -30.5
56BT   (278)    2           0.1301 (   1.024) /_ -150.5
56BT   (279)    3           0.1301 (   1.024) /_   89.5
56BT   (  0)    0                0 (       0) /_    0.0

ELEMENT = "Transformer.TRAFO_57"
57     (280)    1           7.4863 (   1.024) /_   -0.4
57     (281)    2           7.4863 (   1.024) /_ -120.4
57     (282)    3           7.4863 (   1.024) /_  119.6
57     (  0)    0                0 (       0) /_    0.0
------------
57BT   (283)    1          0.12986 (   1.022) /_  -30.5
57BT   (284)    2          0.12986 (   1.022) /_ -150.5
57BT   (285)    3          0.12986 (   1.022) /_   89.5
57BT   (  0)    0                0 (       0) /_    0.0

ELEMENT = "Transformer.TRAFO_58"
58     (286)    1           7.4863 (   1.024) /_   -0.4
58     (287)    2           7.4863 (   1.024) /_ -120.4
58     (288)    3           7.4863 (   1.024) /_  119.6
58     (  0)    0                0 (       0) /_    0.0
------------
58BT   (289)    1          0.12986 (   1.022) /_  -30.5
58BT   (290)    2          0.12986 (   1.022) /_ -150.5
58BT   (291)    3          0.12986 (   1.022) /_   89.5
58BT   (  0)    0                0 (       0) /_    0.0

ELEMENT = "Line.L1"
0      (  1)    1           7.5921 (   1.039) /_   -0.6
0      (  2)    2           7.5921 (   1.039) /_ -120.6
0      (  3)    3           7.5921 (   1.039) /_  119.4
------------
1      (292)    1            7.592 (   1.039) /_   -0.6
1      (293)    2            7.592 (   1.039) /_ -120.6
1      (294)    3            7.592 (   1.039) /_  119.4

ELEMENT = "Line.L2"
1      (292)    1            7.592 (   1.039) /_   -0.6
1      (293)    2            7.592 (   1.039) /_ -120.6
1      (294)    3            7.592 (   1.039) /_  119.4
------------
2      (295)    1           7.5919 (   1.039) /_   -0.6
2      (296)    2           7.5919 (   1.039) /_ -120.6
2      (297)    3           7.5919 (   1.039) /_  119.4

ELEMENT = "Line.L3"
2      (295)    1           7.5919 (   1.039) /_   -0.6
2      (296)    2           7.5919 (   1.039) /_ -120.6
2      (297)    3           7.5919 (   1.039) /_  119.4
------------
2E     (298)    1           7.5919 (   1.039) /_   -0.6
2E     (299)    2           7.5919 (   1.039) /_ -120.6
2E     (300)    3           7.5919 (   1.039) /_  119.4

ELEMENT = "Line.L4"
2E     (298)    1           7.5919 (   1.039) /_   -0.6
2E     (299)    2           7.5919 (   1.039) /_ -120.6
2E     (300)    3           7.5919 (   1.039) /_  119.4
------------
3      (301)    1           7.5916 (   1.039) /_   -0.6
3      (302)    2           7.5916 (   1.039) /_ -120.6
3      (303)    3           7.5916 (   1.039) /_  119.4

ELEMENT = "Line.L5"
3      (301)    1           7.5916 (   1.039) /_   -0.6
3      (302)    2           7.5916 (   1.039) /_ -120.6
3      (303)    3           7.5916 (   1.039) /_  119.4
------------
4      (304)    1           7.5886 (   1.038) /_   -0.6
4      (305)    2           7.5886 (   1.038) /_ -120.6
4      (306)    3           7.5886 (   1.038) /_  119.4

ELEMENT = "Line.L6"
4      (304)    1           7.5886 (   1.038) /_   -0.6
4      (305)    2           7.5886 (   1.038) /_ -120.6
4      (306)    3           7.5886 (   1.038) /_  119.4
------------
5      (  4)    1            7.557 (   1.034) /_   -0.5
5      (  5)    2            7.557 (   1.034) /_ -120.5
5      (  6)    3            7.557 (   1.034) /_  119.5

ELEMENT = "Line.L7"
5      (  4)    1            7.557 (   1.034) /_   -0.5
5      (  5)    2            7.557 (   1.034) /_ -120.5
5      (  6)    3            7.557 (   1.034) /_  119.5
------------
6      ( 10)    1           7.5241 (   1.029) /_   -0.5
6      ( 11)    2           7.5241 (   1.029) /_ -120.5
6      ( 12)    3           7.5241 (   1.029) /_  119.5

ELEMENT = "Line.L8"
6      ( 10)    1           7.5241 (   1.029) /_   -0.5
6      ( 11)    2           7.5241 (   1.029) /_ -120.5
6      ( 12)    3           7.5241 (   1.029) /_  119.5
------------
7      ( 16)    1           7.5162 (   1.028) /_   -0.5
7      ( 17)    2           7.5162 (   1.028) /_ -120.5
7      ( 18)    3           7.5162 (   1.028) /_  119.5

ELEMENT = "Line.L9"
7      ( 16)    1           7.5162 (   1.028) /_   -0.5
7      ( 17)    2           7.5162 (   1.028) /_ -120.5
7      ( 18)    3           7.5162 (   1.028) /_  119.5
------------
8      ( 22)    1           7.5122 (   1.028) /_   -0.5
8      ( 23)    2           7.5122 (   1.028) /_ -120.5
8      ( 24)    3           7.5122 (   1.028) /_  119.5

ELEMENT = "Line.L10"
8      ( 22)    1           7.5122 (   1.028) /_   -0.5
8      ( 23)    2           7.5122 (   1.028) /_ -120.5
8      ( 24)    3           7.5122 (   1.028) /_  119.5
------------
9      ( 28)    1           7.4987 (   1.026) /_   -0.4
9      ( 29)    2           7.4987 (   1.026) /_ -120.4
9      ( 30)    3           7.4987 (   1.026) /_  119.6

ELEMENT = "Line.L11"
9      ( 28)    1           7.4987 (   1.026) /_   -0.4
9      ( 29)    2           7.4987 (   1.026) /_ -120.4
9      ( 30)    3           7.4987 (   1.026) /_  119.6
------------
10     ( 34)    1           7.4957 (   1.026) /_   -0.4
10     ( 35)    2           7.4957 (   1.026) /_ -120.4
10     ( 36)    3           7.4957 (   1.026) /_  119.6

ELEMENT = "Line.L12"
10     ( 34)    1           7.4957 (   1.026) /_   -0.4
10     ( 35)    2           7.4957 (   1.026) /_ -120.4
10     ( 36)    3           7.4957 (   1.026) /_  119.6
------------
11     ( 40)    1           7.4872 (   1.024) /_   -0.4
11     ( 41)    2           7.4872 (   1.024) /_ -120.4
11     ( 42)    3           7.4872 (   1.024) /_  119.6

ELEMENT = "Line.L13"
11     ( 40)    1           7.4872 (   1.024) /_   -0.4
11     ( 41)    2           7.4872 (   1.024) /_ -120.4
11     ( 42)    3           7.4872 (   1.024) /_  119.6
------------
12     ( 46)    1           7.4796 (   1.023) /_   -0.4
12     ( 47)    2           7.4796 (   1.023) /_ -120.4
12     ( 48)    3           7.4796 (   1.023) /_  119.6

ELEMENT = "Line.L14"
12     ( 46)    1           7.4796 (   1.023) /_   -0.4
12     ( 47)    2           7.4796 (   1.023) /_ -120.4
12     ( 48)    3           7.4796 (   1.023) /_  119.6
------------
13     ( 52)    1            7.472 (   1.022) /_   -0.4
13     ( 53)    2            7.472 (   1.022) /_ -120.4
13     ( 54)    3            7.472 (   1.022) /_  119.6

ELEMENT = "Line.L15"
13     ( 52)    1            7.472 (   1.022) /_   -0.4
13     ( 53)    2            7.472 (   1.022) /_ -120.4
13     ( 54)    3            7.472 (   1.022) /_  119.6
------------
14     (307)    1           7.4645 (   1.021) /_   -0.4
14     (308)    2           7.4645 (   1.021) /_ -120.4
14     (309)    3           7.4645 (   1.021) /_  119.6

ELEMENT = "Line.L16"
14     (307)    1           7.4645 (   1.021) /_   -0.4
14     (308)    2           7.4645 (   1.021) /_ -120.4
14     (309)    3           7.4645 (   1.021) /_  119.6
------------
15     ( 58)    1           7.4631 (   1.021) /_   -0.4
15     ( 59)    2           7.4631 (   1.021) /_ -120.4
15     ( 60)    3           7.4631 (   1.021) /_  119.6

ELEMENT = "Line.L17"
15     ( 58)    1           7.4631 (   1.021) /_   -0.4
15     ( 59)    2           7.4631 (   1.021) /_ -120.4
15     ( 60)    3           7.4631 (   1.021) /_  119.6
------------
16     ( 64)    1           7.4608 (   1.021) /_   -0.4
16     ( 65)    2           7.4608 (   1.021) /_ -120.4
16     ( 66)    3           7.4608 (   1.021) /_  119.6

ELEMENT = "Line.L18"
16     ( 64)    1           7.4608 (   1.021) /_   -0.4
16     ( 65)    2           7.4608 (   1.021) /_ -120.4
16     ( 66)    3           7.4608 (   1.021) /_  119.6
------------
17     ( 70)    1           7.4608 (   1.021) /_   -0.4
17     ( 71)    2           7.4608 (   1.021) /_ -120.4
17     ( 72)    3           7.4608 (   1.021) /_  119.6

ELEMENT = "Line.L19"
17     ( 70)    1           7.4608 (   1.021) /_   -0.4
17     ( 71)    2           7.4608 (   1.021) /_ -120.4
17     ( 72)    3           7.4608 (   1.021) /_  119.6
------------
18     (310)    1           7.4595 (   1.021) /_   -0.4
18     (311)    2           7.4595 (   1.021) /_ -120.4
18     (312)    3           7.4595 (   1.021) /_  119.6

ELEMENT = "Line.L20"
18     (310)    1           7.4595 (   1.021) /_   -0.4
18     (311)    2           7.4595 (   1.021) /_ -120.4
18     (312)    3           7.4595 (   1.021) /_  119.6
------------
19     ( 76)    1           7.4587 (    1.02) /_   -0.3
19     ( 77)    2           7.4587 (    1.02) /_ -120.3
19     ( 78)    3           7.4587 (    1.02) /_  119.7

ELEMENT = "Line.L21"
19     ( 76)    1           7.4587 (    1.02) /_   -0.3
19     ( 77)    2           7.4587 (    1.02) /_ -120.3
19     ( 78)    3           7.4587 (    1.02) /_  119.7
------------
20     ( 82)    1           7.4574 (    1.02) /_   -0.3
20     ( 83)    2           7.4574 (    1.02) /_ -120.3
20     ( 84)    3           7.4574 (    1.02) /_  119.7

ELEMENT = "Line.L22"
20     ( 82)    1           7.4574 (    1.02) /_   -0.3
20     ( 83)    2           7.4574 (    1.02) /_ -120.3
20     ( 84)    3           7.4574 (    1.02) /_  119.7
------------
21     ( 88)    1           7.4573 (    1.02) /_   -0.3
21     ( 89)    2           7.4573 (    1.02) /_ -120.3
21     ( 90)    3           7.4573 (    1.02) /_  119.7

ELEMENT = "Line.L23"
21     ( 88)    1           7.4573 (    1.02) /_   -0.3
21     ( 89)    2           7.4573 (    1.02) /_ -120.3
21     ( 90)    3           7.4573 (    1.02) /_  119.7
------------
22     (313)    1           7.4571 (    1.02) /_   -0.3
22     (314)    2           7.4571 (    1.02) /_ -120.3
22     (315)    3           7.4571 (    1.02) /_  119.7

ELEMENT = "Line.L24"
22     (313)    1           7.4571 (    1.02) /_   -0.3
22     (314)    2           7.4571 (    1.02) /_ -120.3
22     (315)    3           7.4571 (    1.02) /_  119.7
------------
23     ( 94)    1           7.4567 (    1.02) /_   -0.3
23     ( 95)    2           7.4567 (    1.02) /_ -120.3
23     ( 96)    3           7.4567 (    1.02) /_  119.7

ELEMENT = "Line.L25"
23     ( 94)    1           7.4567 (    1.02) /_   -0.3
23     ( 95)    2           7.4567 (    1.02) /_ -120.3
23     ( 96)    3           7.4567 (    1.02) /_  119.7
------------
24     (316)    1           7.4562 (    1.02) /_   -0.3
24     (317)    2           7.4562 (    1.02) /_ -120.3
24     (318)    3           7.4562 (    1.02) /_  119.7

ELEMENT = "Line.L26"
24     (316)    1           7.4562 (    1.02) /_   -0.3
24     (317)    2           7.4562 (    1.02) /_ -120.3
24     (318)    3           7.4562 (    1.02) /_  119.7
------------
25     (100)    1           7.4561 (    1.02) /_   -0.3
25     (101)    2           7.4561 (    1.02) /_ -120.3
25     (102)    3           7.4561 (    1.02) /_  119.7

ELEMENT = "Line.L27"
25     (100)    1           7.4561 (    1.02) /_   -0.3
25     (101)    2           7.4561 (    1.02) /_ -120.3
25     (102)    3           7.4561 (    1.02) /_  119.7
------------
26     (106)    1            7.456 (    1.02) /_   -0.3
26     (107)    2            7.456 (    1.02) /_ -120.3
26     (108)    3            7.456 (    1.02) /_  119.7

ELEMENT = "Line.L28"
2      (295)    1           7.5919 (   1.039) /_   -0.6
2      (296)    2           7.5919 (   1.039) /_ -120.6
2      (297)    3           7.5919 (   1.039) /_  119.4
------------
27     (112)    1           7.5919 (   1.039) /_   -0.6
27     (113)    2           7.5919 (   1.039) /_ -120.6
27     (114)    3           7.5919 (   1.039) /_  119.4

ELEMENT = "Line.L29"
27     (112)    1           7.5919 (   1.039) /_   -0.6
27     (113)    2           7.5919 (   1.039) /_ -120.6
27     (114)    3           7.5919 (   1.039) /_  119.4
------------
28     (118)    1           7.5917 (   1.039) /_   -0.6
28     (119)    2           7.5917 (   1.039) /_ -120.6
28     (120)    3           7.5917 (   1.039) /_  119.4

ELEMENT = "Line.L30"
28     (118)    1           7.5917 (   1.039) /_   -0.6
28     (119)    2           7.5917 (   1.039) /_ -120.6
28     (120)    3           7.5917 (   1.039) /_  119.4
------------
29     (319)    1           7.5914 (   1.039) /_   -0.6
29     (320)    2           7.5914 (   1.039) /_ -120.6
29     (321)    3           7.5914 (   1.039) /_  119.4

ELEMENT = "Line.L31"
29     (319)    1           7.5914 (   1.039) /_   -0.6
29     (320)    2           7.5914 (   1.039) /_ -120.6
29     (321)    3           7.5914 (   1.039) /_  119.4
------------
30     (322)    1           7.5913 (   1.039) /_   -0.6
30     (323)    2           7.5913 (   1.039) /_ -120.6
30     (324)    3           7.5913 (   1.039) /_  119.4

ELEMENT = "Line.L32"
30     (322)    1           7.5913 (   1.039) /_   -0.6
30     (323)    2           7.5913 (   1.039) /_ -120.6
30     (324)    3           7.5913 (   1.039) /_  119.4
------------
31     (325)    1           7.5911 (   1.039) /_   -0.6
31     (326)    2           7.5911 (   1.039) /_ -120.6
31     (327)    3           7.5911 (   1.039) /_  119.4

ELEMENT = "Line.L33"
31     (325)    1           7.5911 (   1.039) /_   -0.6
31     (326)    2           7.5911 (   1.039) /_ -120.6
31     (327)    3           7.5911 (   1.039) /_  119.4
------------
32     (124)    1           7.5904 (   1.038) /_   -0.6
32     (125)    2           7.5904 (   1.038) /_ -120.6
32     (126)    3           7.5904 (   1.038) /_  119.4

ELEMENT = "Line.L34"
32     (124)    1           7.5904 (   1.038) /_   -0.6
32     (125)    2           7.5904 (   1.038) /_ -120.6
32     (126)    3           7.5904 (   1.038) /_  119.4
------------
33     (130)    1           7.5896 (   1.038) /_   -0.6
33     (131)    2           7.5896 (   1.038) /_ -120.6
33     (132)    3           7.5896 (   1.038) /_  119.4

ELEMENT = "Line.L35"
33     (130)    1           7.5896 (   1.038) /_   -0.6
33     (131)    2           7.5896 (   1.038) /_ -120.6
33     (132)    3           7.5896 (   1.038) /_  119.4
------------
34     (136)    1           7.5895 (   1.038) /_   -0.6
34     (137)    2           7.5895 (   1.038) /_ -120.6
34     (138)    3           7.5895 (   1.038) /_  119.4

ELEMENT = "Line.L36"
2E     (298)    1           7.5919 (   1.039) /_   -0.6
2E     (299)    2           7.5919 (   1.039) /_ -120.6
2E     (300)    3           7.5919 (   1.039) /_  119.4
------------
27E    (142)    1           7.5918 (   1.039) /_   -0.6
27E    (143)    2           7.5918 (   1.039) /_ -120.6
27E    (144)    3           7.5918 (   1.039) /_  119.4

ELEMENT = "Line.L37"
27E    (142)    1           7.5918 (   1.039) /_   -0.6
27E    (143)    2           7.5918 (   1.039) /_ -120.6
27E    (144)    3           7.5918 (   1.039) /_  119.4
------------
28E    (148)    1           7.5915 (   1.039) /_   -0.6
28E    (149)    2           7.5915 (   1.039) /_ -120.6
28E    (150)    3           7.5915 (   1.039) /_  119.4

ELEMENT = "Line.L38"
28E    (148)    1           7.5915 (   1.039) /_   -0.6
28E    (149)    2           7.5915 (   1.039) /_ -120.6
28E    (150)    3           7.5915 (   1.039) /_  119.4
------------
65     (328)    1           7.5912 (   1.039) /_   -0.6
65     (329)    2           7.5912 (   1.039) /_ -120.6
65     (330)    3           7.5912 (   1.039) /_  119.4

ELEMENT = "Line.L39"
65     (328)    1           7.5912 (   1.039) /_   -0.6
65     (329)    2           7.5912 (   1.039) /_ -120.6
65     (330)    3           7.5912 (   1.039) /_  119.4
------------
66     (154)    1           7.5911 (   1.039) /_   -0.6
66     (155)    2           7.5911 (   1.039) /_ -120.6
66     (156)    3           7.5911 (   1.039) /_  119.4

ELEMENT = "Line.L40"
66     (154)    1           7.5911 (   1.039) /_   -0.6
66     (155)    2           7.5911 (   1.039) /_ -120.6
66     (156)    3           7.5911 (   1.039) /_  119.4
------------
67     (160)    1           7.5911 (   1.039) /_   -0.6
67     (161)    2           7.5911 (   1.039) /_ -120.6
67     (162)    3           7.5911 (   1.039) /_  119.4

ELEMENT = "Line.L41"
67     (160)    1           7.5911 (   1.039) /_   -0.6
67     (161)    2           7.5911 (   1.039) /_ -120.6
67     (162)    3           7.5911 (   1.039) /_  119.4
------------
68     (166)    1             7.59 (   1.038) /_   -0.6
68     (167)    2             7.59 (   1.038) /_ -120.6
68     (168)    3             7.59 (   1.038) /_  119.4

ELEMENT = "Line.L42"
68     (166)    1             7.59 (   1.038) /_   -0.6
68     (167)    2             7.59 (   1.038) /_ -120.6
68     (168)    3             7.59 (   1.038) /_  119.4
------------
69     (331)    1           7.5896 (   1.038) /_   -0.6
69     (332)    2           7.5896 (   1.038) /_ -120.6
69     (333)    3           7.5896 (   1.038) /_  119.4

ELEMENT = "Line.L43"
69     (331)    1           7.5896 (   1.038) /_   -0.6
69     (332)    2           7.5896 (   1.038) /_ -120.6
69     (333)    3           7.5896 (   1.038) /_  119.4
------------
70     (172)    1           7.5895 (   1.038) /_   -0.6
70     (173)    2           7.5895 (   1.038) /_ -120.6
70     (174)    3           7.5895 (   1.038) /_  119.4

ELEMENT = "Line.L44"
70     (172)    1           7.5895 (   1.038) /_   -0.6
70     (173)    2           7.5895 (   1.038) /_ -120.6
70     (174)    3           7.5895 (   1.038) /_  119.4
------------
88     (334)    1           7.5895 (   1.038) /_   -0.6
88     (335)    2           7.5895 (   1.038) /_ -120.6
88     (336)    3           7.5895 (   1.038) /_  119.4

ELEMENT = "Line.L45"
88     (334)    1           7.5895 (   1.038) /_   -0.6
88     (335)    2           7.5895 (   1.038) /_ -120.6
88     (336)    3           7.5895 (   1.038) /_  119.4
------------
89     (178)    1           7.5894 (   1.038) /_   -0.6
89     (179)    2           7.5894 (   1.038) /_ -120.6
89     (180)    3           7.5894 (   1.038) /_  119.4

ELEMENT = "Line.L46"
89     (178)    1           7.5894 (   1.038) /_   -0.6
89     (179)    2           7.5894 (   1.038) /_ -120.6
89     (180)    3           7.5894 (   1.038) /_  119.4
------------
90     (184)    1           7.5894 (   1.038) /_   -0.6
90     (185)    2           7.5894 (   1.038) /_ -120.6
90     (186)    3           7.5894 (   1.038) /_  119.4

ELEMENT = "Line.L47"
3      (301)    1           7.5916 (   1.039) /_   -0.6
3      (302)    2           7.5916 (   1.039) /_ -120.6
3      (303)    3           7.5916 (   1.039) /_  119.4
------------
35     (337)    1           7.5914 (   1.039) /_   -0.6
35     (338)    2           7.5914 (   1.039) /_ -120.6
35     (339)    3           7.5914 (   1.039) /_  119.4

ELEMENT = "Line.L48"
35     (337)    1           7.5914 (   1.039) /_   -0.6
35     (338)    2           7.5914 (   1.039) /_ -120.6
35     (339)    3           7.5914 (   1.039) /_  119.4
------------
36     (190)    1           7.5884 (   1.038) /_   -0.6
36     (191)    2           7.5884 (   1.038) /_ -120.6
36     (192)    3           7.5884 (   1.038) /_  119.4

ELEMENT = "Line.L49"
36     (190)    1           7.5884 (   1.038) /_   -0.6
36     (191)    2           7.5884 (   1.038) /_ -120.6
36     (192)    3           7.5884 (   1.038) /_  119.4
------------
37     (196)    1           7.5791 (   1.037) /_   -0.6
37     (197)    2           7.5791 (   1.037) /_ -120.6
37     (198)    3           7.5791 (   1.037) /_  119.4

ELEMENT = "Line.L50"
37     (196)    1           7.5791 (   1.037) /_   -0.6
37     (197)    2           7.5791 (   1.037) /_ -120.6
37     (198)    3           7.5791 (   1.037) /_  119.4
------------
38     (202)    1           7.5776 (   1.037) /_   -0.6
38     (203)    2           7.5776 (   1.037) /_ -120.6
38     (204)    3           7.5776 (   1.037) /_  119.4

ELEMENT = "Line.L51"
7      ( 16)    1           7.5162 (   1.028) /_   -0.5
7      ( 17)    2           7.5162 (   1.028) /_ -120.5
7      ( 18)    3           7.5162 (   1.028) /_  119.5
------------
40     (208)    1           7.5161 (   1.028) /_   -0.5
40     (209)    2           7.5161 (   1.028) /_ -120.5
40     (210)    3           7.5161 (   1.028) /_  119.5

ELEMENT = "Line.L52"
40     (208)    1           7.5161 (   1.028) /_   -0.5
40     (209)    2           7.5161 (   1.028) /_ -120.5
40     (210)    3           7.5161 (   1.028) /_  119.5
------------
41     (214)    1           7.5161 (   1.028) /_   -0.5
41     (215)    2           7.5161 (   1.028) /_ -120.5
41     (216)    3           7.5161 (   1.028) /_  119.5

ELEMENT = "Line.L53"
8      ( 22)    1           7.5122 (   1.028) /_   -0.5
8      ( 23)    2           7.5122 (   1.028) /_ -120.5
8      ( 24)    3           7.5122 (   1.028) /_  119.5
------------
42     (220)    1           7.5011 (   1.026) /_   -0.5
42     (221)    2           7.5011 (   1.026) /_ -120.5
42     (222)    3           7.5011 (   1.026) /_  119.5

ELEMENT = "Line.L54"
42     (220)    1           7.5011 (   1.026) /_   -0.5
42     (221)    2           7.5011 (   1.026) /_ -120.5
42     (222)    3           7.5011 (   1.026) /_  119.5
------------
43     (226)    1           7.4883 (   1.024) /_   -0.4
43     (227)    2           7.4883 (   1.024) /_ -120.4
43     (228)    3           7.4883 (   1.024) /_  119.6

ELEMENT = "Line.L55"
43     (226)    1           7.4883 (   1.024) /_   -0.4
43     (227)    2           7.4883 (   1.024) /_ -120.4
43     (228)    3           7.4883 (   1.024) /_  119.6
------------
44     (232)    1           7.4706 (   1.022) /_   -0.4
44     (233)    2           7.4706 (   1.022) /_ -120.4
44     (234)    3           7.4706 (   1.022) /_  119.6

ELEMENT = "Line.L56"
44     (232)    1           7.4706 (   1.022) /_   -0.4
44     (233)    2           7.4706 (   1.022) /_ -120.4
44     (234)    3           7.4706 (   1.022) /_  119.6
------------
45     (340)    1           7.4533 (    1.02) /_   -0.4
45     (341)    2           7.4533 (    1.02) /_ -120.4
45     (342)    3           7.4533 (    1.02) /_  119.6

ELEMENT = "Line.L57"
45     (340)    1           7.4533 (    1.02) /_   -0.4
45     (341)    2           7.4533 (    1.02) /_ -120.4
45     (342)    3           7.4533 (    1.02) /_  119.6
------------
46     (343)    1           7.3649 (   1.008) /_   -0.2
46     (344)    2           7.3649 (   1.008) /_ -120.2
46     (345)    3           7.3649 (   1.008) /_  119.8

ELEMENT = "Line.L58"
46     (343)    1           7.3649 (   1.008) /_   -0.2
46     (344)    2           7.3649 (   1.008) /_ -120.2
46     (345)    3           7.3649 (   1.008) /_  119.8
------------
47     (346)    1           7.3214 (   1.002) /_   -0.1
47     (347)    2           7.3214 (   1.002) /_ -120.1
47     (348)    3           7.3214 (   1.002) /_  119.9

ELEMENT = "Line.L59"
47     (346)    1           7.3214 (   1.002) /_   -0.1
47     (347)    2           7.3214 (   1.002) /_ -120.1
47     (348)    3           7.3214 (   1.002) /_  119.9
------------
48     (238)    1           7.3046 (  0.9994) /_    0.0
48     (239)    2           7.3046 (  0.9994) /_ -120.0
48     (240)    3           7.3046 (  0.9994) /_  120.0

ELEMENT = "Line.L60"
48     (238)    1           7.3046 (  0.9994) /_    0.0
48     (239)    2           7.3046 (  0.9994) /_ -120.0
48     (240)    3           7.3046 (  0.9994) /_  120.0
------------
49     (349)    1           7.2839 (  0.9965) /_    0.1
49     (350)    2           7.2839 (  0.9965) /_ -119.9
49     (351)    3           7.2839 (  0.9965) /_  120.1

ELEMENT = "Line.L61"
49     (349)    1           7.2839 (  0.9965) /_    0.1
49     (350)    2           7.2839 (  0.9965) /_ -119.9
49     (351)    3           7.2839 (  0.9965) /_  120.1
------------
50     (244)    1           7.2533 (  0.9923) /_    0.1
50     (245)    2           7.2533 (  0.9923) /_ -119.9
50     (246)    3           7.2533 (  0.9923) /_  120.1

ELEMENT = "Line.L62"
50     (244)    1           7.2533 (  0.9923) /_    0.1
50     (245)    2           7.2533 (  0.9923) /_ -119.9
50     (246)    3           7.2533 (  0.9923) /_  120.1
------------
51     (250)    1           7.2521 (  0.9922) /_    0.1
51     (251)    2           7.2521 (  0.9922) /_ -119.9
51     (252)    3           7.2521 (  0.9922) /_  120.1

ELEMENT = "Line.L63"
51     (250)    1           7.2521 (  0.9922) /_    0.1
51     (251)    2           7.2521 (  0.9922) /_ -119.9
51     (252)    3           7.2521 (  0.9922) /_  120.1
------------
52     (352)    1           7.2505 (   0.992) /_    0.1
52     (353)    2           7.2505 (   0.992) /_ -119.9
52     (354)    3           7.2505 (   0.992) /_  120.1

ELEMENT = "Line.L64"
52     (352)    1           7.2505 (   0.992) /_    0.1
52     (353)    2           7.2505 (   0.992) /_ -119.9
52     (354)    3           7.2505 (   0.992) /_  120.1
------------
53     (256)    1           7.2427 (  0.9909) /_    0.1
53     (257)    2           7.2427 (  0.9909) /_ -119.9
53     (258)    3           7.2427 (  0.9909) /_  120.1

ELEMENT = "Line.L65"
53     (256)    1           7.2427 (  0.9909) /_    0.1
53     (257)    2           7.2427 (  0.9909) /_ -119.9
53     (258)    3           7.2427 (  0.9909) /_  120.1
------------
54     (262)    1           7.2403 (  0.9906) /_    0.1
54     (263)    2           7.2403 (  0.9906) /_ -119.9
54     (264)    3           7.2403 (  0.9906) /_  120.1

ELEMENT = "Line.L66"
10     ( 34)    1           7.4957 (   1.026) /_   -0.4
10     ( 35)    2           7.4957 (   1.026) /_ -120.4
10     ( 36)    3           7.4957 (   1.026) /_  119.6
------------
55     (268)    1           7.4955 (   1.025) /_   -0.4
55     (269)    2           7.4955 (   1.025) /_ -120.4
55     (270)    3           7.4955 (   1.025) /_  119.6

ELEMENT = "Line.L67"
55     (268)    1           7.4955 (   1.025) /_   -0.4
55     (269)    2           7.4955 (   1.025) /_ -120.4
55     (270)    3           7.4955 (   1.025) /_  119.6
------------
56     (274)    1           7.4955 (   1.025) /_   -0.4
56     (275)    2           7.4955 (   1.025) /_ -120.4
56     (276)    3           7.4955 (   1.025) /_  119.6

ELEMENT = "Line.L68"
11     ( 40)    1           7.4872 (   1.024) /_   -0.4
11     ( 41)    2           7.4872 (   1.024) /_ -120.4
11     ( 42)    3           7.4872 (   1.024) /_  119.6
------------
57     (280)    1           7.4863 (   1.024) /_   -0.4
57     (281)    2           7.4863 (   1.024) /_ -120.4
57     (282)    3           7.4863 (   1.024) /_  119.6

ELEMENT = "Line.L69"
57     (280)    1           7.4863 (   1.024) /_   -0.4
57     (281)    2           7.4863 (   1.024) /_ -120.4
57     (282)    3           7.4863 (   1.024) /_  119.6
------------
58     (286)    1           7.4863 (   1.024) /_   -0.4
58     (287)    2           7.4863 (   1.024) /_ -120.4
58     (288)    3           7.4863 (   1.024) /_  119.6

ELEMENT = "Capacitor.BC1"
0      (  1)    1           7.5921 (   1.039) /_   -0.6
0      (  2)    2           7.5921 (   1.039) /_ -120.6
0      (  3)    3           7.5921 (   1.039) /_  119.4
------------
0      (  0)    0                0 (       0) /_    0.0
0      (  0)    0                0 (       0) /_    0.0
0      (  0)    0                0 (       0) /_    0.0

= = = = = = = = = = = = = = = = = = =  = = = = = = = = = = =  = =

Power Conversion Elements

Bus   (node ref)  Phase    Magnitude, kV (pu)    Angle

ELEMENT = "Load.5BT"
5BT    (  7)    1           0.1313 (   1.034) /_  -30.5
5BT    (  8)    2           0.1313 (   1.034) /_ -150.5
5BT    (  9)    3           0.1313 (   1.034) /_   89.5

ELEMENT = "Load.6BT"
6BT    ( 13)    1           0.1304 (   1.027) /_  -30.7
6BT    ( 14)    2           0.1304 (   1.027) /_ -150.7
6BT    ( 15)    3           0.1304 (   1.027) /_   89.3

ELEMENT = "Load.7BT"
7BT    ( 19)    1          0.13036 (   1.026) /_  -30.6
7BT    ( 20)    2          0.13036 (   1.026) /_ -150.6
7BT    ( 21)    3          0.13036 (   1.026) /_   89.4

ELEMENT = "Load.8BT"
8BT    ( 25)    1          0.13029 (   1.026) /_  -30.6
8BT    ( 26)    2          0.13029 (   1.026) /_ -150.6
8BT    ( 27)    3          0.13029 (   1.026) /_   89.4

ELEMENT = "Load.9BT"
9BT    ( 31)    1          0.13007 (   1.024) /_  -30.6
9BT    ( 32)    2          0.13007 (   1.024) /_ -150.6
9BT    ( 33)    3          0.13007 (   1.024) /_   89.4

ELEMENT = "Load.10BT"
10BT   ( 37)    1          0.12976 (   1.022) /_  -30.7
10BT   ( 38)    2          0.12976 (   1.022) /_ -150.7
10BT   ( 39)    3          0.12976 (   1.022) /_   89.3

ELEMENT = "Load.11BT"
11BT   ( 43)    1          0.12962 (    1.02) /_  -30.7
11BT   ( 44)    2          0.12962 (    1.02) /_ -150.7
11BT   ( 45)    3          0.12962 (    1.02) /_   89.3

ELEMENT = "Load.12BT"
12BT   ( 49)    1          0.12991 (   1.023) /_  -30.4
12BT   ( 50)    2          0.12991 (   1.023) /_ -150.4
12BT   ( 51)    3          0.12991 (   1.023) /_   89.6

ELEMENT = "Load.13BT"
13BT   ( 55)    1          0.12978 (   1.022) /_  -30.4
13BT   ( 56)    2          0.12978 (   1.022) /_ -150.4
13BT   ( 57)    3          0.12978 (   1.022) /_   89.6

ELEMENT = "Load.15BT"
15BT   ( 61)    1          0.12932 (   1.018) /_  -30.6
15BT   ( 62)    2          0.12932 (   1.018) /_ -150.6
15BT   ( 63)    3          0.12932 (   1.018) /_   89.4

ELEMENT = "Load.16BT"
16BT   ( 67)    1          0.12923 (   1.017) /_  -30.6
16BT   ( 68)    2          0.12923 (   1.017) /_ -150.6
16BT   ( 69)    3          0.12923 (   1.017) /_   89.4

ELEMENT = "Load.17BT"
17BT   ( 73)    1          0.12923 (   1.017) /_  -30.6
17BT   ( 74)    2          0.12923 (   1.017) /_ -150.6
17BT   ( 75)    3          0.12923 (   1.017) /_   89.4

ELEMENT = "Load.19BT"
19BT   ( 79)    1          0.12961 (    1.02) /_  -30.4
19BT   ( 80)    2          0.12961 (    1.02) /_ -150.4
19BT   ( 81)    3          0.12961 (    1.02) /_   89.6

ELEMENT = "Load.20BT"
20BT   ( 85)    1           0.1292 (   1.017) /_  -30.6
20BT   ( 86)    2           0.1292 (   1.017) /_ -150.6
20BT   ( 87)    3           0.1292 (   1.017) /_   89.4

ELEMENT = "Load.21BT"
21BT   ( 91)    1          0.12955 (    1.02) /_  -30.4
21BT   ( 92)    2          0.12955 (    1.02) /_ -150.4
21BT   ( 93)    3          0.12955 (    1.02) /_   89.6

ELEMENT = "Load.23BT"
23BT   ( 97)    1          0.12934 (   1.018) /_  -30.5
23BT   ( 98)    2          0.12934 (   1.018) /_ -150.5
23BT   ( 99)    3          0.12934 (   1.018) /_   89.5

ELEMENT = "Load.25BT"
25BT   (103)    1          0.12945 (   1.019) /_  -30.4
25BT   (104)    2          0.12945 (   1.019) /_ -150.4
25BT   (105)    3          0.12945 (   1.019) /_   89.6

ELEMENT = "Load.26BT"
26BT   (109)    1          0.12945 (   1.019) /_  -30.4
26BT   (110)    2          0.12945 (   1.019) /_ -150.4
26BT   (111)    3          0.12945 (   1.019) /_   89.6

ELEMENT = "Load.27BT"
27BT   (115)    1          0.26348 (   1.037) /_  -30.7
27BT   (116)    2          0.26348 (   1.037) /_ -150.7
27BT   (117)    3          0.26348 (   1.037) /_   89.3

ELEMENT = "Load.28BT"
28BT   (121)    1          0.26347 (   1.037) /_  -30.7
28BT   (122)    2          0.26347 (   1.037) /_ -150.7
28BT   (123)    3          0.26347 (   1.037) /_   89.3

ELEMENT = "Load.32BT"
32BT   (127)    1          0.26361 (   1.038) /_  -30.6
32BT   (128)    2          0.26361 (   1.038) /_ -150.6
32BT   (129)    3          0.26361 (   1.038) /_   89.4

ELEMENT = "Load.33BT"
33BT   (133)    1           0.2635 (   1.037) /_  -30.6
33BT   (134)    2           0.2635 (   1.037) /_ -150.6
33BT   (135)    3           0.2635 (   1.037) /_   89.4

ELEMENT = "Load.34BT"
34BT   (139)    1          0.26369 (   1.038) /_  -30.6
34BT   (140)    2          0.26369 (   1.038) /_ -150.6
34BT   (141)    3          0.26369 (   1.038) /_   89.4

ELEMENT = "Load.27EBT"
27EBT  (145)    1          0.26348 (   1.037) /_  -30.7
27EBT  (146)    2          0.26348 (   1.037) /_ -150.7
27EBT  (147)    3          0.26348 (   1.037) /_   89.3

ELEMENT = "Load.28EBT"
28EBT  (151)    1          0.26346 (   1.037) /_  -30.7
28EBT  (152)    2          0.26346 (   1.037) /_ -150.7
28EBT  (153)    3          0.26346 (   1.037) /_   89.3

ELEMENT = "Load.66BT"
66BT   (157)    1          0.26348 (   1.037) /_  -30.7
66BT   (158)    2          0.26348 (   1.037) /_ -150.7
66BT   (159)    3          0.26348 (   1.037) /_   89.3

ELEMENT = "Load.67BT"
67BT   (163)    1          0.26348 (   1.037) /_  -30.7
67BT   (164)    2          0.26348 (   1.037) /_ -150.7
67BT   (165)    3          0.26348 (   1.037) /_   89.3

ELEMENT = "Load.68BT"
68BT   (169)    1          0.26377 (   1.038) /_  -30.6
68BT   (170)    2          0.26377 (   1.038) /_ -150.6
68BT   (171)    3          0.26377 (   1.038) /_   89.4

ELEMENT = "Load.70BT"
70BT   (175)    1          0.26369 (   1.038) /_  -30.6
70BT   (176)    2          0.26369 (   1.038) /_ -150.6
70BT   (177)    3          0.26369 (   1.038) /_   89.4

ELEMENT = "Load.89BT"
89BT   (181)    1          0.26326 (   1.036) /_  -30.6
89BT   (182)    2          0.26326 (   1.036) /_ -150.6
89BT   (183)    3          0.26326 (   1.036) /_   89.4

ELEMENT = "Load.90BT"
90BT   (187)    1          0.26326 (   1.036) /_  -30.6
90BT   (188)    2          0.26326 (   1.036) /_ -150.6
90BT   (189)    3          0.26326 (   1.036) /_   89.4

ELEMENT = "Load.36BT"
36BT   (193)    1           0.1316 (   1.036) /_  -30.7
36BT   (194)    2           0.1316 (   1.036) /_ -150.7
36BT   (195)    3           0.1316 (   1.036) /_   89.3

ELEMENT = "Load.37BT"
37BT   (199)    1           0.1313 (   1.034) /_  -30.6
37BT   (200)    2           0.1313 (   1.034) /_ -150.6
37BT   (201)    3           0.1313 (   1.034) /_   89.4

ELEMENT = "Load.38BT"
38BT   (205)    1          0.13125 (   1.033) /_  -30.8
38BT   (206)    2          0.13125 (   1.033) /_ -150.8
38BT   (207)    3          0.13125 (   1.033) /_   89.2

ELEMENT = "Load.40BT"
40BT   (211)    1          0.13028 (   1.026) /_  -30.7
40BT   (212)    2          0.13028 (   1.026) /_ -150.7
40BT   (213)    3          0.13028 (   1.026) /_   89.3

ELEMENT = "Load.41BT"
41BT   (217)    1          0.13058 (   1.028) /_  -30.5
41BT   (218)    2          0.13058 (   1.028) /_ -150.5
41BT   (219)    3          0.13058 (   1.028) /_   89.5

ELEMENT = "Load.42BT"
42BT   (223)    1          0.26058 (   1.026) /_  -30.5
42BT   (224)    2          0.26058 (   1.026) /_ -150.5
42BT   (225)    3          0.26058 (   1.026) /_   89.5

ELEMENT = "Load.43BT"
43BT   (229)    1          0.25957 (   1.022) /_  -30.6
43BT   (230)    2          0.25957 (   1.022) /_ -150.6
43BT   (231)    3          0.25957 (   1.022) /_   89.4

ELEMENT = "Load.44BT"
44BT   (235)    1          0.25902 (    1.02) /_  -30.6
44BT   (236)    2          0.25902 (    1.02) /_ -150.6
44BT   (237)    3          0.25902 (    1.02) /_   89.4

ELEMENT = "Load.48BT"
48BT   (241)    1          0.25135 (  0.9894) /_  -30.0
48BT   (242)    2          0.25135 (  0.9894) /_ -150.0
48BT   (243)    3          0.25135 (  0.9894) /_   90.0

ELEMENT = "Load.50BT"
50BT   (247)    1          0.25075 (  0.9871) /_  -30.3
50BT   (248)    2          0.25075 (  0.9871) /_ -150.3
50BT   (249)    3          0.25075 (  0.9871) /_   89.7

ELEMENT = "Load.51BT"
51BT   (253)    1          0.25119 (  0.9888) /_  -30.2
51BT   (254)    2          0.25119 (  0.9888) /_ -150.2
51BT   (255)    3          0.25119 (  0.9888) /_   89.8

ELEMENT = "Load.53BT"
53BT   (259)    1          0.25091 (  0.9877) /_  -30.1
53BT   (260)    2          0.25091 (  0.9877) /_ -150.1
53BT   (261)    3          0.25091 (  0.9877) /_   89.9

ELEMENT = "Load.54BT"
54BT   (265)    1          0.25006 (  0.9843) /_  -30.4
54BT   (266)    2          0.25006 (  0.9843) /_ -150.4
54BT   (267)    3          0.25006 (  0.9843) /_   89.6

ELEMENT = "Load.55BT"
55BT   (271)    1           0.1301 (   1.024) /_  -30.5
55BT   (272)    2           0.1301 (   1.024) /_ -150.5
55BT   (273)    3           0.1301 (   1.024) /_   89.5

ELEMENT = "Load.56BT"
56BT   (277)    1           0.1301 (   1.024) /_  -30.5
56BT   (278)    2           0.1301 (   1.024) /_ -150.5
56BT   (279)    3           0.1301 (   1.024) /_   89.5

ELEMENT = "Load.57BT"
57BT   (283)    1          0.12986 (   1.022) /_  -30.5
57BT   (284)    2          0.12986 (   1.022) /_ -150.5
57BT   (285)    3          0.12986 (   1.022) /_   89.5

ELEMENT = "Load.58BT"
58BT   (289)    1          0.12986 (   1.022) /_  -30.5
58BT   (290)    2          0.12986 (   1.022) /_ -150.5
58BT   (291)    3          0.12986 (   1.022) /_   89.5

